r(x_rel=1)	t=0	t=100	t=200	t=400	t=800	t=1000	t=1200	t=1400	t=1600	t=2000	t=2100	t=2200	t=2300	t=2400	t=2500	t=3600	t=3660	t=4000	t=4100	t=4200	t=4400	t=4800	t=4900	t=5000	t=5100	t=5200	t=5300	t=5400	t=5500	t=5600	t=5700	t=5800	t=5900	t=6000	t=6090
0	29866	29687.713	28799.085	26506.77	21881.102	20112.481	18636.258	16928.412	14875.316	11041.726	10333.356	9724.9754	9189.1667	8695.8071	8214.9313	2124.7551	1875.0688	4414.6702	5479.6913	6654.8978	8860.9909	13025.336	14314.165	15699.419	17120.395	18464.18	19608.069	20548.17	21392.758	22234.483	23109.882	24024.899	24974.765	25951.678	26847.028
0.20206897	29866	29682.782	28790.215	26497.004	21872.536	20106.27	18630.046	16920.51	14866.456	11035.435	10327.98	9720.3223	9184.9862	8691.8516	8210.9529	2119.5405	1873.0461	4422.8189	5489.0771	6664.8368	8869.2078	13035.496	14325.283	15711.158	17132.087	18474.63	19616.495	20555.263	21399.584	22241.535	23117.272	24032.607	24982.731	25959.831	26855.291
0.40413793	29866	29677.817	28781.341	26487.238	21863.976	20100.062	18623.831	16912.605	14857.596	11029.147	10322.608	9715.6718	9180.8071	8687.8964	8206.9738	2114.329	1871.0601	4430.9713	5498.4688	6674.7749	8877.4211	13045.662	14336.404	15722.899	17143.777	18485.073	19624.913	20562.354	21406.41	22248.587	23124.664	24040.316	24990.698	25967.986	26863.555
0.6062069	29866	29670.792	28768.905	26473.564	21852.003	20091.377	18615.124	16901.529	14845.192	11020.353	10315.094	9709.1662	9174.9594	8682.3602	8201.4018	2107.0397	1868.3583	4442.3927	5511.6299	6688.6859	8888.9119	13059.903	14351.982	15739.339	17160.138	18499.674	19636.68	20572.275	21415.969	22258.464	23135.015	24051.111	25001.853	25979.403	26875.126
0.80827586	29866	29661.345	28752.387	26455.426	21836.139	20079.869	18603.564	16886.822	14828.738	11008.704	10305.139	9700.5457	9167.2076	8675.0177	8194.0079	2097.383	1864.9154	4457.558	5529.1107	6707.1352	8904.1411	13078.812	14372.659	15761.154	17181.834	18519.014	19652.257	20585.425	21428.65	22271.571	23148.752	24065.436	25016.654	25994.55	26890.476
1.0103448	29866	29649.273	28731.603	26432.635	21816.24	20065.431	18589.024	16868.321	14808.065	10994.092	10292.653	9689.7296	9157.4766	8665.7951	8184.7142	2085.2715	1860.8183	4476.6352	5551.1091	6730.3082	8923.2537	13102.598	14398.659	15788.573	17209.08	18543.262	19671.779	20601.93	21444.587	22288.048	23166.02	24083.442	25035.256	26013.586	26909.764
1.2124138	29866	29634.399	28706.452	26405.107	21792.253	20048.021	18571.437	16845.943	14783.096	10976.481	10277.603	9676.6878	9145.736	8654.6597	8173.4837	2070.6771	1856.2128	4499.7118	5577.7302	6758.2855	8946.3062	13131.368	14430.092	15821.702	17241.967	18572.477	19695.284	20621.842	21463.839	22307.96	23186.889	24105.199	25057.731	26036.582	26933.063
1.4144828	29866	29616.542	28676.87	26372.795	21764.165	20027.626	18550.762	16819.631	14753.789	10955.862	10259.981	9661.4106	9131.9731	8641.5948	8160.2942	2053.5983	1851.2941	4526.847	5609.0464	6791.1062	8973.3194	13165.192	14467.028	15860.605	17280.538	18606.664	19722.77	20645.18	21486.444	22331.349	23211.4	24130.751	25084.121	26063.581	26960.414
1.6165517	29866	29595.508	28642.801	26335.671	21731.984	20004.247	18526.964	16789.341	14720.122	10932.242	10239.794	9643.8993	9116.1843	8626.5917	8145.1306	2034.0514	1846.306	4558.0897	5645.1171	6828.7889	9004.2963	13204.128	14509.517	15905.323	17324.811	18645.803	19754.214	20671.951	21512.422	22358.241	23239.582	24160.124	25114.454	26094.608	26991.841
1.8186207	29866	29571.093	28604.198	26293.715	21695.733	19977.894	18500.012	16755.033	14682.078	10905.637	10217.053	9624.1616	9098.371	8609.6455	8127.9807	2012.0678	1841.5438	4593.4858	5685.9966	6871.3396	9039.2291	13248.224	14557.603	15955.888	17374.789	18689.854	19789.577	20702.15	21541.79	22388.66	23271.458	24193.343	25148.751	26129.682	27027.363
2.0206897	29866	29543.078	28561.014	26246.916	21655.444	19948.579	18469.877	16716.67	14639.648	10876.071	10191.779	9602.21	9078.5382	8590.7536	8108.8337	1987.6955	1837.3582	4633.0825	5731.7378	6918.7554	9078.1032	13297.529	14611.325	16012.324	17430.466	18738.763	19828.81	20735.772	21574.564	22422.625	23307.049	24230.424	25187.027	26168.818	27066.992
2.2227586	29866	29511.237	28513.206	26195.261	21611.157	19916.322	18436.528	16674.212	14592.826	10843.573	10163.996	9578.0601	9056.6931	8569.9152	8087.6795	1961.0017	1834.1598	4676.9305	5782.3937	6971.0267	9120.8989	13352.091	14670.72	16074.654	17491.828	18792.463	19871.854	20772.803	21610.753	22460.154	23346.372	24271.385	25229.298	26212.028	27110.739
2.4248276	29866	29475.34	28460.727	26138.743	21562.924	19881.144	18399.933	16627.62	14541.609	10808.178	10133.732	9551.7307	9032.8449	8547.13	8064.5078	1932.078	1832.4243	4725.0853	5838.0181	7028.1372	9167.593	13411.96	14735.827	16142.896	17558.851	18850.875	19918.645	20813.231	21650.37	22501.266	23389.447	24316.242	25275.577	26259.323	27158.611
2.6268966	29866	29435.153	28403.534	26077.354	21510.8	19843.065	18360.057	16576.852	14485.997	10769.926	10101.018	9523.2429	9007.0041	8522.3984	8039.3075	1901.0471	1832.6982	4777.6089	5898.6658	7090.0642	9218.1596	13477.189	14806.684	16217.07	17631.508	18913.909	19969.111	20857.041	21693.427	22545.978	23436.29	24365.01	25325.877	26310.713	27210.616
2.8289655	29866	29390.443	28341.582	26011.09	21454.852	19802.111	18316.863	16521.866	14425.989	10728.858	10065.889	9492.6199	8979.1826	8495.7211	8012.0673	1868.0723	1835.603	4834.5702	5964.392	7156.7788	9272.5708	13547.83	14883.33	16297.193	17709.764	18981.464	20023.178	20904.218	21739.936	22594.311	23486.92	24417.706	25380.21	26366.208	27266.762
3.0310345	29866	29340.984	28274.829	25939.945	21395.151	19758.305	18270.311	16462.615	14361.59	10685.022	10028.383	9459.8867	8949.3929	8467.0988	7982.7743	1833.3693	1841.8399	4896.0464	6035.2523	7228.245	9330.7974	13623.943	14965.805	16383.28	17793.576	19053.427	20080.766	20954.747	21789.908	22646.283	23541.356	24474.346	25438.59	26425.816	27327.055
3.2331034	29866	29286.553	28203.231	25863.912	21331.778	19711.671	18220.358	16399.052	14292.805	10638.469	9988.5399	9425.07	8917.6485	8436.5318	7951.4147	1797.2223	1852.1915	4962.1232	6111.3016	7304.4196	9392.8095	13705.587	15054.152	16475.347	17882.893	19129.673	20141.794	21008.613	21843.358	22701.916	23599.618	24534.945	25501.029	26489.547	27391.5
3.4351724	29866	29226.936	28126.748	25782.989	21264.822	19662.232	18166.957	16331.129	14219.641	10589.252	9946.403	9388.1979	8883.9634	8404.0204	7917.9733	1760.0042	1867.5217	5032.8961	6192.5933	7385.2518	9458.577	13792.825	15148.411	16573.408	17977.657	19210.067	20206.176	21065.803	21900.302	22761.23	23661.726	24599.522	25567.54	26557.409	27460.103
3.6372414	29866	29161.929	28045.34	25697.17	21194.379	19610.009	18110.059	16258.794	14142.107	10537.429	9902.0172	9349.2996	8848.3519	8369.5642	7882.4331	1722.203	1888.771	5108.4703	6279.178	7470.6824	9528.0702	13885.723	15248.627	16677.476	18077.8	19294.46	20273.83	21126.305	21960.754	22824.25	23727.702	24668.093	25638.136	26629.412	27532.869
3.8393103	29866	29091.337	27958.97	25606.45	21120.556	19555.023	18049.609	16181.995	14060.215	10483.061	9855.4298	9308.4057	8810.8288	8333.162	7844.7754	1684.4554	1916.9456	5188.9615	6371.1029	7560.6434	9601.2607	13984.348	15354.844	16787.562	18183.242	19382.695	20344.672	21190.108	22024.734	22890.997	23797.567	24740.676	25712.831	26705.564	27609.804
4.0413793	29866	29014.975	27867.603	25510.826	21043.466	19497.29	17985.549	16100.678	13973.978	10426.21	9806.6901	9265.5474	8771.4089	8294.812	7804.9794	1647.5898	1953.0979	5274.4966	6468.4094	7655.0577	9678.1215	14088.773	15467.106	16903.676	18293.894	19474.6	20418.618	21257.204	22092.26	22961.499	23871.344	24817.291	25791.639	26785.874	27690.914
4.2434483	29866	28932.672	27771.208	25410.292	20963.235	19436.824	17917.816	16014.788	13883.414	10366.944	9755.849	9220.7569	8730.1067	8254.5112	7763.0224	1612.6809	1998.2948	5365.2132	6571.1326	7753.8387	9758.6279	14199.069	15585.458	17025.825	18409.653	19569.993	20495.591	21327.588	22163.355	23035.781	23949.057	24897.957	25874.573	26870.352	27776.202
4.4455172	29866	28844.271	27669.754	25304.844	20879.993	19373.635	17846.345	15924.271	13788.541	10305.331	9702.9592	9174.0667	8686.9367	8212.2555	7718.8791	1581.119	2053.5682	5461.2602	6679.2984	7856.8899	9842.758	14315.312	15709.946	17154.013	18530.401	19668.682	20575.513	21401.257	22238.042	23113.87	24030.731	24982.692	25961.648	26959.006	27865.674
4.6475862	29866	28749.633	27563.215	25194.478	20793.886	19307.728	17771.064	15829.071	13689.38	10241.443	9648.0745	9125.5098	8641.9131	8168.0393	7672.5215	1554.6991	2119.8433	5562.7972	6792.9228	7964.1049	9930.4938	14437.58	15840.614	17288.242	18656.003	19770.466	20658.314	21478.212	22316.347	23195.796	24116.39	25071.518	26052.879	27051.845	27959.335
4.8496552	29866	28648.64	27451.569	25079.19	20705.064	19239.103	17691.898	15729.133	13585.958	10175.355	9591.2502	9075.1194	8595.0493	8121.8555	7623.919	1535.7323	2197.8348	5669.9944	6912.0087	8075.3677	10021.821	14565.949	15977.507	17428.509	18786.31	19875.134	20743.929	21558.456	22398.296	23281.588	24206.062	25164.455	26148.279	27148.878	28057.188
5.0517241	29866	28541.196	27334.797	24958.974	20613.692	19167.754	17608.764	15624.405	13478.302	10107.142	9532.5422	9022.9287	8546.358	8073.6953	7573.0378	1527.1889	2287.901	5783.0308	7036.5448	8190.5528	10116.732	14700.501	16120.668	17574.806	18921.148	19982.471	20832.298	21641.998	22483.921	23371.278	24299.773	25261.523	26247.865	27250.114	28159.239
5.2537931	29866	28427.236	27212.882	24833.827	20519.939	19093.67	17521.579	15514.834	13366.445	10036.884	9472.0072	8968.9708	8495.8509	8023.5477	7519.8409	1532.8789	2389.8408	5902.0936	7166.5023	8309.5258	10215.223	14841.315	16270.141	17727.121	19060.326	20092.258	20923.369	21728.849	22573.252	23464.896	24397.55	25362.746	26351.65	27355.561	28265.49
5.4558621	29866	28306.719	27085.812	24703.744	20423.989	19016.831	17430.25	15400.371	13250.42	9964.6604	9409.7022	8913.2785	8443.5387	7971.3995	7464.2876	1557.683	2502.6154	6027.3749	7301.8331	8432.1445	10317.298	14988.471	16425.966	17885.434	19203.624	20204.276	21017.097	21819.027	22666.324	23562.478	24499.422	25468.143	26459.65	27465.229	28375.946
5.657931	29866	28179.636	26953.579	24568.721	20326.03	18937.212	17334.681	15280.973	13130.268	9890.554	9345.6843	8855.8838	8389.4306	7917.2351	7406.3335	1607.8453	2623.9699	6159.0695	7442.4669	8558.2603	10422.968	15142.052	16588.182	18049.715	19350.798	20318.312	21113.441	21912.551	22763.173	23664.057	24605.417	25577.737	26571.879	27579.124	28490.61
5.86	29866	28046.042	26816.209	24428.787	20226.281	18854.8	17234.796	15156.629	13006.058	9814.6648	9280.024	8796.8311	8333.5466	7861.0492	7345.9448	1691.2358	2749.9059	6297.3332	7588.2743	8687.6929	10532.228	15302.096	16756.784	18219.888	19501.542	20434.144	21212.35	22009.425	22863.813	23769.642	24715.539	25691.524	26688.324	27697.228	28609.457
