x	t=0	t=100	t=200	t=400	t=800	t=1000	t=1200	t=1400	t=1600	t=2000	t=2100	t=2200	t=2300	t=2400	t=2500	t=3600	t=3660	t=4000	t=4100	t=4200	t=4400	t=4800	t=4900	t=5000	t=5100	t=5200	t=5300	t=5400	t=5500	t=5600	t=5700	t=5800	t=5900	t=6000	t=6090
0	0.092020002	0.16707742	0.16289522	0.15826723	0.15463363	0.15832562	0.16809259	0.18430642	0.18956512	0.19443772	0.19704951	0.20061266	0.20555164	0.21269062	0.22328137	0.5518163	0.38355271	0.15084552	0.1349145	0.12579989	0.10625647	0.066108514	0.061902895	0.059370463	0.057594737	0.055541028	0.053039894	0.050388687	0.047723321	0.045041228	0.042278874	0.039336366	0.036054773	0.032134387	0.027570439
2.937931	0.092020002	0.16707677	0.16289456	0.15826658	0.15463297	0.15832496	0.16809193	0.18430577	0.18956447	0.19443707	0.19704886	0.20061201	0.20555099	0.21268996	0.22328072	0.55181695	0.38355337	0.15084617	0.13491516	0.12580055	0.10625713	0.06610917	0.061903551	0.05937112	0.057595394	0.055541685	0.053040551	0.050389343	0.047723977	0.045041883	0.042279529	0.039337021	0.036055428	0.03213504	0.027571092
5.8758621	0.092020002	0.16707613	0.16289392	0.15826594	0.15463234	0.15832433	0.16809131	0.18430513	0.18956383	0.19443643	0.19704823	0.20061138	0.20555037	0.21268934	0.2232801	0.55181758	0.383554	0.15084681	0.13491579	0.12580118	0.10625776	0.066109807	0.06190419	0.05937176	0.057596035	0.055542325	0.053041191	0.050389983	0.047724616	0.045042521	0.042280165	0.039337655	0.03605606	0.032135671	0.02757172
8.8137931	0.092020002	0.16707551	0.1628933	0.15826532	0.15463172	0.15832372	0.1680907	0.18430452	0.18956321	0.19443582	0.19704762	0.20061077	0.20554976	0.21268875	0.22327951	0.55181819	0.38355462	0.15084742	0.13491642	0.12580181	0.10625838	0.066110426	0.061904811	0.059372383	0.057596659	0.055542949	0.053041815	0.050390605	0.047725236	0.045043139	0.042280781	0.039338269	0.036056671	0.032136278	0.027572325
11.751724	0.092020002	0.16707491	0.1628927	0.15826471	0.15463112	0.15832313	0.16809013	0.18430393	0.18956261	0.19443523	0.19704703	0.20061019	0.20554919	0.21268818	0.22327895	0.55181878	0.38355522	0.15084802	0.13491702	0.12580241	0.10625897	0.066111026	0.061905415	0.059372989	0.057597267	0.055543557	0.053042421	0.050391209	0.047725838	0.045043738	0.042281377	0.039338861	0.036057259	0.032136861	0.027572905
14.689655	0.092020002	0.16707433	0.16289212	0.15826413	0.15463053	0.15832256	0.16808958	0.18430336	0.18956203	0.19443465	0.19704646	0.20060963	0.20554864	0.21268764	0.22327841	0.55181934	0.3835558	0.1508486	0.1349176	0.12580299	0.10625954	0.066111607	0.061906	0.059373578	0.057597858	0.055544148	0.05304301	0.050391796	0.047726422	0.045044318	0.042281953	0.039339432	0.036057825	0.032137421	0.02757346
17.627586	0.092020002	0.16707376	0.16289155	0.15826356	0.15462997	0.15832201	0.16808905	0.18430281	0.18956147	0.1944341	0.19704592	0.20060909	0.20554812	0.21268713	0.22327791	0.55181988	0.38355636	0.15084916	0.13491817	0.12580356	0.1062601	0.066112169	0.061906568	0.05937415	0.057598432	0.055544722	0.053043583	0.050392365	0.047726987	0.045044879	0.042282509	0.039339982	0.036058368	0.032137957	0.027573991
20.565517	0.092020002	0.16707322	0.16289101	0.15826301	0.15462943	0.15832149	0.16808855	0.18430228	0.18956093	0.19443357	0.1970454	0.20060858	0.20554762	0.21268665	0.22327744	0.5518204	0.3835569	0.1508497	0.13491872	0.12580411	0.10626063	0.066112713	0.061907118	0.059374705	0.057598989	0.055545279	0.053044137	0.050392916	0.047727533	0.04504542	0.042283044	0.03934051	0.036058888	0.032138468	0.027574497
23.503448	0.092020002	0.16707269	0.16289048	0.15826248	0.1546289	0.15832099	0.16808807	0.18430178	0.1895604	0.19443306	0.1970449	0.2006081	0.20554715	0.21268619	0.223277	0.5518209	0.38355742	0.15085022	0.13491925	0.12580464	0.10626114	0.066113237	0.06190765	0.059375242	0.057599529	0.055545819	0.053044674	0.050393448	0.04772806	0.045045941	0.042283558	0.039341016	0.036059384	0.032138955	0.02757498
26.441379	0.092020002	0.16707219	0.16288997	0.15826197	0.1546284	0.15832051	0.16808762	0.18430129	0.1895599	0.19443258	0.19704442	0.20060764	0.20554671	0.21268577	0.22327658	0.55182137	0.38355792	0.15085072	0.13491976	0.12580515	0.10626163	0.066113743	0.061908164	0.059375761	0.057600052	0.055546341	0.053045193	0.050393962	0.047728568	0.045046441	0.04228405	0.039341499	0.036059857	0.032139417	0.027575439
29.37931	0.092020002	0.1670717	0.16288948	0.15826148	0.15462792	0.15832005	0.1680872	0.18430082	0.18955942	0.19443211	0.19704397	0.2006072	0.20554629	0.21268537	0.2232762	0.55182182	0.3835584	0.1508512	0.13492025	0.12580564	0.1062621	0.066114229	0.06190866	0.059376263	0.057600557	0.055546846	0.053045694	0.050394457	0.047729055	0.04504692	0.04228452	0.039341958	0.036060305	0.032139855	0.027575875
32.317241	0.092020002	0.16707123	0.16288901	0.15826101	0.15462745	0.15831962	0.1680868	0.18430038	0.18955895	0.19443167	0.19704354	0.20060679	0.2055459	0.212685	0.22327584	0.55182225	0.38355886	0.15085166	0.13492072	0.12580611	0.10626255	0.066114697	0.061909136	0.059376747	0.057601045	0.055547332	0.053046175	0.050394932	0.047729522	0.045047378	0.042284967	0.039342394	0.036060728	0.032140268	0.027576289
35.255172	0.092020002	0.16707079	0.16288856	0.15826056	0.15462701	0.15831922	0.16808642	0.18429995	0.18955851	0.19443125	0.19704314	0.20060641	0.20554554	0.21268466	0.2232755	0.55182266	0.3835593	0.1508521	0.13492118	0.12580656	0.10626298	0.066115144	0.061909595	0.059377212	0.057601514	0.0555478	0.053046638	0.050395386	0.047729968	0.045047813	0.042285391	0.039342804	0.036061125	0.032140658	0.027576682
38.193103	0.092020002	0.16707036	0.16288813	0.15826012	0.15462659	0.15831883	0.16808606	0.18429955	0.18955809	0.19443086	0.19704276	0.20060605	0.2055452	0.21268434	0.22327519	0.55182304	0.38355972	0.15085252	0.13492161	0.12580699	0.10626338	0.066115572	0.061910033	0.059377659	0.057601964	0.055548248	0.05304708	0.05039582	0.047730391	0.045048225	0.04228579	0.03934319	0.036061497	0.032141024	0.027577055
41.131034	0.092020002	0.16706996	0.16288773	0.15825971	0.15462619	0.15831848	0.16808573	0.18429916	0.18955769	0.19443049	0.19704241	0.20060571	0.20554489	0.21268405	0.22327491	0.55182341	0.38356011	0.15085291	0.13492202	0.1258074	0.10626376	0.06611598	0.061910453	0.059378086	0.057602395	0.055548678	0.053047503	0.050396233	0.047730792	0.045048614	0.042286164	0.039343549	0.036061845	0.032141369	0.027577409
44.068966	0.092020002	0.16706958	0.16288734	0.15825932	0.15462581	0.15831814	0.16808542	0.1842988	0.18955731	0.19443014	0.19704208	0.20060541	0.20554461	0.21268378	0.22327465	0.55182374	0.38356049	0.15085329	0.13492242	0.12580779	0.10626412	0.066116368	0.061910853	0.059378494	0.057602806	0.055549086	0.053047904	0.050396623	0.04773117	0.045048977	0.042286512	0.039343882	0.036062168	0.032141694	0.027577744
47.006897	0.092020002	0.16706922	0.16288697	0.15825896	0.15462546	0.15831784	0.16808513	0.18429846	0.18955695	0.19442982	0.19704177	0.20060513	0.20554435	0.21268354	0.22327441	0.55182406	0.38356084	0.15085364	0.13492279	0.12580816	0.10626445	0.066116736	0.061911232	0.059378881	0.057603197	0.055549474	0.053048283	0.05039699	0.047731523	0.045049315	0.042286833	0.039344188	0.036062468	0.032141999	0.02757806
49.944828	0.092020002	0.16706888	0.16288663	0.15825861	0.15462513	0.15831756	0.16808487	0.18429814	0.18955662	0.19442952	0.1970415	0.20060487	0.20554411	0.21268332	0.22327419	0.55182436	0.38356117	0.15085398	0.13492314	0.12580851	0.10626477	0.066117082	0.061911591	0.059379248	0.057603567	0.05554984	0.053048639	0.050397333	0.047731851	0.045049625	0.042287127	0.03934447	0.036062747	0.032142285	0.027578358
52.882759	0.092020002	0.16706856	0.16288631	0.15825829	0.15462482	0.1583173	0.16808462	0.18429784	0.18955631	0.19442924	0.19704124	0.20060464	0.2055439	0.21268312	0.22327399	0.55182463	0.38356147	0.15085429	0.13492347	0.12580883	0.10626505	0.066117407	0.061911928	0.059379593	0.057603916	0.055550184	0.053048972	0.050397651	0.047732152	0.045049908	0.042287393	0.039344727	0.036063006	0.032142552	0.027578637
55.82069	0.092020002	0.16706827	0.16288602	0.15825799	0.15462454	0.15831707	0.16808439	0.18429756	0.18955602	0.194429	0.19704102	0.20060443	0.20554372	0.21268294	0.22327382	0.55182488	0.38356175	0.15085458	0.13492377	0.12580913	0.10626532	0.066117709	0.061912242	0.059379916	0.057604241	0.055550504	0.053049279	0.050397942	0.047732425	0.045050162	0.042287633	0.039344962	0.036063245	0.032142801	0.027578897
58.758621	0.092020002	0.167068	0.16288574	0.15825771	0.15462428	0.15831687	0.16808419	0.18429731	0.18955575	0.19442877	0.19704081	0.20060425	0.20554355	0.21268279	0.22327366	0.5518251	0.38356201	0.15085484	0.13492405	0.1258094	0.10626556	0.066117989	0.061912534	0.059380215	0.057604542	0.055550799	0.053049561	0.050398206	0.047732669	0.045050388	0.042287847	0.039345176	0.036063466	0.03214303	0.027579137
61.696552	0.092020002	0.16706776	0.1628855	0.15825746	0.15462405	0.15831669	0.168084	0.18429708	0.18955552	0.19442858	0.19704064	0.2006041	0.20554341	0.21268265	0.22327352	0.5518253	0.38356225	0.15085508	0.13492431	0.12580965	0.10626577	0.066118246	0.061912802	0.05938049	0.057604819	0.055551069	0.053049815	0.050398441	0.047732883	0.045050585	0.042288039	0.03934537	0.036063667	0.03214324	0.027579355
64.634483	0.092020002	0.16706754	0.16288528	0.15825724	0.15462385	0.15831653	0.16808383	0.18429687	0.1895553	0.19442841	0.19704049	0.20060396	0.20554328	0.21268253	0.2232734	0.55182548	0.38356245	0.1508553	0.13492454	0.12580987	0.10626597	0.066118478	0.061913045	0.059380739	0.05760507	0.055551311	0.05305004	0.050398645	0.047733067	0.045050757	0.042288209	0.039345545	0.036063848	0.032143429	0.027579552
67.572414	0.092020002	0.16706735	0.16288508	0.15825704	0.15462367	0.1583164	0.16808369	0.18429669	0.18955512	0.19442826	0.19704036	0.20060385	0.20554318	0.21268243	0.2232733	0.55182564	0.38356264	0.15085549	0.13492474	0.12581006	0.10626613	0.066118684	0.061913262	0.059380962	0.057605292	0.055551524	0.053050235	0.050398818	0.047733222	0.045050905	0.042288358	0.039345699	0.036064009	0.032143597	0.027579726
70.510345	0.092020002	0.16706718	0.16288491	0.15825687	0.15462352	0.15831628	0.16808356	0.18429654	0.18955496	0.19442814	0.19704025	0.20060375	0.20554309	0.21268235	0.22327321	0.55182577	0.38356279	0.15085566	0.13492492	0.12581023	0.10626627	0.066118864	0.06191345	0.059381156	0.057605486	0.055551707	0.053050398	0.05039896	0.04773335	0.04505103	0.042288487	0.039345833	0.036064148	0.032143742	0.027579876
73.448276	0.092020002	0.16706704	0.16288477	0.15825673	0.1546234	0.15831619	0.16808346	0.18429641	0.18955482	0.19442804	0.19704017	0.20060368	0.20554303	0.21268229	0.22327314	0.55182588	0.38356292	0.15085579	0.13492506	0.12581037	0.10626639	0.066119016	0.06191361	0.059381319	0.057605648	0.055551857	0.053050528	0.050399071	0.047733453	0.045051134	0.042288594	0.039345946	0.036064265	0.032143863	0.027580001
76.386207	0.092020002	0.16706693	0.16288466	0.15825662	0.15462331	0.15831612	0.16808338	0.18429631	0.18955472	0.19442797	0.1970401	0.20060362	0.20554297	0.21268223	0.22327309	0.55182597	0.38356303	0.1508559	0.13492518	0.12581047	0.10626648	0.066119137	0.061913738	0.05938145	0.057605778	0.055551973	0.053050625	0.050399155	0.047733534	0.045051217	0.04228868	0.039346036	0.036064358	0.032143959	0.0275801
79.324138	0.092020002	0.16706686	0.16288458	0.15825653	0.15462325	0.15831607	0.16808332	0.18429623	0.18955465	0.19442792	0.19704006	0.20060358	0.20554294	0.2126822	0.22327305	0.55182603	0.3835631	0.15085598	0.13492527	0.12581055	0.10626655	0.066119227	0.061913832	0.059381547	0.057605872	0.055552055	0.053050691	0.050399214	0.047733592	0.045051277	0.042288744	0.039346101	0.036064427	0.032144029	0.027580172
82.262069	0.092020002	0.16706681	0.16288453	0.15825648	0.15462321	0.15831604	0.16808328	0.18429619	0.1895546	0.19442789	0.19704003	0.20060356	0.20554292	0.21268218	0.22327303	0.55182607	0.38356314	0.15085603	0.13492532	0.1258106	0.10626659	0.066119283	0.061913891	0.059381607	0.057605929	0.055552102	0.053050729	0.050399249	0.047733628	0.045051314	0.042288783	0.039346142	0.036064468	0.032144072	0.027580215
85.2	0.092020002	0.16706679	0.16288451	0.15825647	0.1546232	0.15831603	0.16808327	0.18429617	0.18955458	0.19442788	0.19704002	0.20060355	0.20554291	0.21268217	0.22327302	0.55182608	0.38356316	0.15085605	0.13492534	0.12581062	0.1062666	0.066119302	0.061913911	0.059381628	0.057605948	0.055552117	0.053050741	0.050399261	0.04773364	0.045051327	0.042288796	0.039346156	0.036064482	0.032144086	0.02758023
