x	t=0	t=100	t=200	t=400	t=800	t=1000	t=1200	t=1400	t=1600	t=2000	t=2100	t=2200	t=2300	t=2400	t=2500	t=3600	t=3660	t=4000	t=4100	t=4200	t=4400	t=4800	t=4900	t=5000	t=5100	t=5200	t=5300	t=5400	t=5500	t=5600	t=5700	t=5800	t=5900	t=5990
0	0.25	0.24614738	0.24613402	0.2461073	0.24605442	0.2460286	0.24600363	0.24598021	0.24595798	0.24591472	0.24590412	0.24589363	0.24588328	0.2458731	0.24586316	0.24576464	0.24575861	0.24572378	0.24571309	0.24570225	0.2456798	0.24562777	0.24561331	0.24559855	0.24558359	0.24556841	0.24555302	0.24553741	0.24552156	0.24550543	0.24548897	0.24547207	0.24545457	0.24543802
2.937931	0.25	0.24614738	0.24613402	0.24610731	0.24605446	0.24602864	0.24600369	0.24598028	0.24595804	0.24591478	0.24590418	0.24589369	0.24588334	0.24587316	0.24586322	0.24576464	0.24575861	0.24572377	0.24571308	0.24570224	0.24567979	0.24562772	0.24561326	0.24559849	0.24558352	0.24556833	0.24555293	0.2455373	0.24552144	0.2455053	0.24548882	0.2454719	0.24545437	0.2454378
5.8758621	0.25	0.24614739	0.24613404	0.24610735	0.24605455	0.24602877	0.24600385	0.24598046	0.24595823	0.24591497	0.24590437	0.24589388	0.24588353	0.24587335	0.2458634	0.24576464	0.24575861	0.24572377	0.24571307	0.24570222	0.24567975	0.24562759	0.24561309	0.2455983	0.24558329	0.24556808	0.24555264	0.24553698	0.24552107	0.24550488	0.24548835	0.24547138	0.24545378	0.24543714
8.8137931	0.25	0.2461474	0.24613407	0.24610742	0.24605471	0.24602897	0.24600411	0.24598075	0.24595853	0.24591527	0.24590467	0.24589418	0.24588384	0.24587366	0.24586371	0.24576464	0.24575861	0.24572376	0.24571305	0.24570219	0.24567968	0.24562737	0.24561283	0.24559798	0.24558292	0.24556765	0.24555216	0.24553643	0.24552046	0.24550419	0.24548757	0.2454705	0.24545279	0.24543602
11.751724	0.25	0.24614741	0.2461341	0.24610751	0.24605492	0.24602925	0.24600446	0.24598115	0.24595894	0.24591568	0.24590508	0.2458946	0.24588425	0.24587407	0.24586412	0.24576464	0.24575861	0.24572374	0.24571302	0.24570215	0.24567959	0.24562706	0.24561244	0.24559753	0.2455824	0.24556705	0.24555147	0.24553566	0.24551958	0.24550321	0.24548646	0.24546925	0.24545138	0.24543444
14.689655	0.25	0.24614742	0.24613415	0.24610763	0.24605518	0.2460296	0.2460049	0.24598165	0.24595945	0.24591618	0.24590559	0.2458951	0.24588476	0.24587458	0.24586463	0.24576464	0.24575861	0.24572372	0.24571299	0.2457021	0.24567947	0.24562665	0.24561194	0.24559694	0.24558171	0.24556627	0.24555058	0.24553465	0.24551844	0.24550192	0.24548502	0.24546762	0.24544953	0.24543237
17.627586	0.25	0.24614744	0.2461342	0.24610776	0.24605549	0.24603001	0.24600541	0.24598223	0.24596003	0.24591677	0.24590617	0.24589569	0.24588535	0.24587517	0.24586522	0.24576464	0.24575861	0.2457237	0.24571294	0.24570203	0.24567932	0.24562614	0.24561132	0.2455962	0.24558086	0.24556529	0.24554947	0.24553339	0.24551702	0.24550032	0.24548321	0.24546558	0.24544723	0.24542977
20.565517	0.25	0.24614746	0.24613427	0.24610792	0.24605584	0.24603047	0.24600599	0.24598287	0.24596069	0.24591742	0.24590683	0.24589634	0.245886	0.24587582	0.24586586	0.24576464	0.24575861	0.24572366	0.24571289	0.24570194	0.24567914	0.24562553	0.24561057	0.24559531	0.24557983	0.24556411	0.24554812	0.24553186	0.2455153	0.24549838	0.24548103	0.24546312	0.24544444	0.24542663
23.503448	0.25	0.24614748	0.24613433	0.24610809	0.24605623	0.24603097	0.24600661	0.24598356	0.24596139	0.24591812	0.24590753	0.24589705	0.2458867	0.24587652	0.24586655	0.24576464	0.24575861	0.24572363	0.24571282	0.24570184	0.24567892	0.2456248	0.24560968	0.24559426	0.24557861	0.24556271	0.24554653	0.24553006	0.24551326	0.24549608	0.24547843	0.24546019	0.24544111	0.24542288
26.441379	0.25	0.24614751	0.24613441	0.24610827	0.24605664	0.2460315	0.24600727	0.24598429	0.24596213	0.24591886	0.24590826	0.24589778	0.24588743	0.24587725	0.24586727	0.24576464	0.24575861	0.24572359	0.24571275	0.24570173	0.24567867	0.24562394	0.24560864	0.24559303	0.24557718	0.24556107	0.24554467	0.24552795	0.24551088	0.24549339	0.2454754	0.24545676	0.24543722	0.24541848
29.37931	0.25	0.24614753	0.24613448	0.24610846	0.24605707	0.24603206	0.24600795	0.24598503	0.24596289	0.24591962	0.24590902	0.24589853	0.24588818	0.245878	0.245868	0.24576464	0.24575861	0.24572354	0.24571266	0.24570159	0.24567837	0.24562295	0.24560744	0.2455916	0.24557553	0.24555918	0.24554252	0.24552551	0.24550812	0.24549027	0.24547188	0.24545277	0.24543268	0.24541335
32.317241	0.25	0.24614756	0.24613457	0.24610865	0.24605751	0.24603263	0.24600864	0.24598579	0.24596366	0.24592038	0.24590978	0.24589929	0.24588894	0.24587874	0.24586873	0.24576464	0.24575861	0.24572348	0.24571256	0.24570144	0.24567804	0.24562182	0.24560605	0.24558997	0.24557363	0.24555701	0.24554005	0.24552271	0.24550495	0.24548669	0.24546783	0.24544818	0.24542744	0.24540743
35.255172	0.25	0.24614759	0.24613465	0.24610886	0.24605796	0.24603321	0.24600934	0.24598655	0.24596443	0.24592114	0.24591054	0.24590005	0.24588969	0.24587948	0.24586946	0.24576464	0.24575861	0.24572342	0.24571245	0.24570126	0.24567765	0.24562052	0.24560447	0.2455881	0.24557147	0.24555454	0.24553723	0.24551951	0.24550133	0.24548259	0.24546319	0.24544291	0.24542142	0.2454006
38.193103	0.25	0.24614762	0.24613473	0.24610906	0.24605841	0.24603379	0.24601004	0.2459873	0.24596519	0.2459219	0.24591129	0.2459008	0.24589043	0.24588021	0.24587016	0.24576464	0.24575861	0.24572334	0.24571232	0.24570106	0.2456772	0.24561904	0.24560268	0.24558598	0.24556901	0.24555172	0.24553402	0.24551587	0.2454972	0.24547792	0.24545788	0.24543687	0.2454145	0.24539278
41.131034	0.25	0.24614765	0.24613482	0.24610926	0.24605886	0.24603437	0.24601073	0.24598804	0.24596593	0.24592263	0.24591203	0.24590152	0.24589115	0.24588091	0.24587084	0.24576464	0.24575861	0.24572326	0.24571217	0.24570083	0.2456767	0.24561736	0.24560064	0.24558357	0.24556622	0.24554852	0.24553039	0.24551174	0.24549251	0.2454726	0.24545184	0.24542996	0.24540658	0.24538384
44.068966	0.25	0.24614768	0.2461349	0.24610946	0.24605931	0.24603494	0.2460114	0.24598876	0.24596666	0.24592335	0.24591273	0.24590223	0.24589184	0.24588159	0.24587149	0.24576464	0.24575861	0.24572316	0.245712	0.24570056	0.24567612	0.24561546	0.24559832	0.24558084	0.24556306	0.24554491	0.24552626	0.24550705	0.24548718	0.24546655	0.24544494	0.24542206	0.24539752	0.24537363
47.006897	0.25	0.24614772	0.24613499	0.24610966	0.24605975	0.2460355	0.24601205	0.24598945	0.24596735	0.24592403	0.24591342	0.2459029	0.2458925	0.24588224	0.24587211	0.24576464	0.24575861	0.24572305	0.24571181	0.24570027	0.24567547	0.2456133	0.2455957	0.24557775	0.24555949	0.24554081	0.24552159	0.24550173	0.24548114	0.24545966	0.24543707	0.24541303	0.24538717	0.24536201
49.944828	0.25	0.24614775	0.24613507	0.24610985	0.24606018	0.24603604	0.24601268	0.24599011	0.24596802	0.24592469	0.24591407	0.24590354	0.24589313	0.24588285	0.2458727	0.24576464	0.24575861	0.24572293	0.2457116	0.24569993	0.24567473	0.24561086	0.24559274	0.24557425	0.24555544	0.24553617	0.24551629	0.2454957	0.24547427	0.24545182	0.24542808	0.24540269	0.24537536	0.24534878
52.882759	0.25	0.24614778	0.24613515	0.24611004	0.2460606	0.24603657	0.24601329	0.24599075	0.24596866	0.24592532	0.24591468	0.24590415	0.24589373	0.24588343	0.24587325	0.24576464	0.24575861	0.24572279	0.24571135	0.24569955	0.24567388	0.24560809	0.24558938	0.24557029	0.24555085	0.24553091	0.24551029	0.24548885	0.24546646	0.24544287	0.24541778	0.24539087	0.2453619	0.24533372
55.82069	0.25	0.24614781	0.24613523	0.24611023	0.246061	0.24603707	0.24601387	0.24599135	0.24596926	0.24592591	0.24591527	0.24590473	0.24589429	0.24588397	0.24587376	0.24576464	0.24575861	0.24572263	0.24571107	0.24569911	0.24567292	0.24560494	0.24558556	0.2455658	0.24554565	0.24552494	0.24550347	0.24548106	0.24545755	0.24543262	0.24540597	0.24537735	0.24534653	0.24531658
58.758621	0.25	0.24614785	0.24613531	0.2461104	0.24606139	0.24603755	0.24601442	0.24599192	0.24596983	0.24592646	0.24591582	0.24590527	0.24589482	0.24588447	0.24587424	0.24576464	0.24575861	0.24572245	0.24571076	0.24569861	0.24567182	0.24560136	0.24558123	0.24556069	0.24553974	0.24551816	0.24549571	0.24547219	0.24544735	0.24542085	0.24539242	0.24536188	0.245329	0.24529705
61.696552	0.25	0.24614788	0.24613539	0.24611057	0.24606176	0.24603802	0.24601494	0.24599246	0.24597037	0.24592698	0.24591633	0.24590577	0.24589531	0.24588494	0.24587468	0.24576464	0.24575861	0.24572225	0.24571039	0.24569804	0.24567056	0.24559729	0.2455763	0.24555488	0.24553301	0.24551043	0.24548685	0.24546202	0.24543562	0.24540729	0.24537686	0.24534416	0.24530897	0.24527475
64.634483	0.25	0.24614791	0.24613546	0.24611074	0.24606211	0.24603846	0.24601543	0.24599297	0.24597087	0.24592747	0.24591681	0.24590624	0.24589576	0.24588537	0.24587508	0.24576464	0.24575861	0.24572201	0.24570998	0.24569739	0.24566911	0.24559264	0.24557066	0.24554824	0.24552532	0.24550159	0.24547671	0.24545033	0.24542207	0.24539166	0.24535896	0.24532384	0.24528603	0.24524926
67.572414	0.25	0.24614794	0.24613553	0.24611089	0.24606245	0.24603887	0.24601589	0.24599344	0.24597134	0.24592793	0.24591726	0.24590667	0.24589618	0.24588577	0.24587545	0.24576464	0.24575861	0.24572174	0.2457095	0.24569664	0.24566745	0.24558731	0.24556421	0.24554063	0.24551651	0.24549145	0.24546503	0.24543681	0.24540638	0.24537359	0.24533835	0.24530048	0.2452597	0.24522001
70.510345	0.25	0.24614797	0.2461356	0.24611104	0.24606276	0.24603926	0.24601632	0.24599388	0.24597178	0.24592835	0.24591767	0.24590707	0.24589656	0.24588613	0.24587579	0.24576464	0.24575861	0.24572143	0.24570895	0.24569577	0.24566554	0.24558118	0.24555679	0.24553189	0.24550636	0.24547975	0.2454515	0.24542107	0.24538816	0.24535268	0.24531454	0.24527356	0.24522938	0.24518634
73.448276	0.25	0.246148	0.24613566	0.24611118	0.24606306	0.24603963	0.24601673	0.2459943	0.24597219	0.24592873	0.24591805	0.24590744	0.24589691	0.24588646	0.2458761	0.24576464	0.24575861	0.24572107	0.24570831	0.24569477	0.24566332	0.2455741	0.24554822	0.24552177	0.24549462	0.24546617	0.2454357	0.24540269	0.24536694	0.24532841	0.24528698	0.24524242	0.24519432	0.24514742
76.386207	0.25	0.24614803	0.24613572	0.24611131	0.24606335	0.24603997	0.2460171	0.24599468	0.24597256	0.24592909	0.24591839	0.24590777	0.24589723	0.24588676	0.24587637	0.24576464	0.24575861	0.24572065	0.24570757	0.24569359	0.24566074	0.24556588	0.24553826	0.24551001	0.24548094	0.24545027	0.24541714	0.24538114	0.24534216	0.24530013	0.24525491	0.24520621	0.24515359	0.2451022
79.324138	0.25	0.24614805	0.24613578	0.24611144	0.24606361	0.24604029	0.24601745	0.24599503	0.24597291	0.24592941	0.24591871	0.24590808	0.24589752	0.24588703	0.24587662	0.24576464	0.24575861	0.24572016	0.2457067	0.24569221	0.24565771	0.24555628	0.24552662	0.24549625	0.24546487	0.24543146	0.24539521	0.24535578	0.2453131	0.24526703	0.24521741	0.2451639	0.24510599	0.24504933
82.262069	0.25	0.24614808	0.24613584	0.24611156	0.24606386	0.24604059	0.24601777	0.24599535	0.24597322	0.24592971	0.24591899	0.24590835	0.24589778	0.24588727	0.24587684	0.24576464	0.2457586	0.24571958	0.24570567	0.24569058	0.24565415	0.24554498	0.2455129	0.24547999	0.24544575	0.24540906	0.24536916	0.2453258	0.24527881	0.24522804	0.24517327	0.24511411	0.24504997	0.24498708
85.2	0.47	0.2461481	0.24613589	0.24611167	0.24606409	0.24604086	0.24601806	0.24599564	0.24597351	0.24592997	0.24591925	0.2459086	0.24589801	0.24588749	0.24587703	0.24576464	0.2457586	0.24571889	0.24570444	0.24568864	0.24564992	0.24553157	0.24549659	0.24546054	0.24542276	0.24538216	0.24533806	0.24529009	0.24523806	0.24518176	0.24512089	0.24505502	0.24498346	0.24491314
86.057143	0.47	0.47	0.47	0.47	0.47	0.47	0.47	0.47	0.47	0.47	0.47	0.47	0.47	0.47	0.47	0.47	0.47	0.47	0.47	0.47	0.47	0.47	0.47	0.47	0.47	0.47	0.47	0.47	0.47	0.47	0.47	0.47	0.47	0.47
86.914286	0.47	0.47	0.47	0.47	0.47	0.47	0.47	0.47	0.47	0.47	0.47	0.47	0.47	0.47	0.47	0.47	0.47	0.47	0.47	0.47	0.47	0.47	0.47	0.47	0.47	0.47	0.47	0.47	0.47	0.47	0.47	0.47	0.47	0.47
87.771429	0.47	0.47	0.47	0.47	0.47	0.47	0.47	0.47	0.47	0.47	0.47	0.47	0.47	0.47	0.47	0.47	0.47	0.47	0.47	0.47	0.47	0.47	0.47	0.47	0.47	0.47	0.47	0.47	0.47	0.47	0.47	0.47	0.47	0.47
88.628571	0.47	0.47	0.47	0.47	0.47	0.47	0.47	0.47	0.47	0.47	0.47	0.47	0.47	0.47	0.47	0.47	0.47	0.47	0.47	0.47	0.47	0.47	0.47	0.47	0.47	0.47	0.47	0.47	0.47	0.47	0.47	0.47	0.47	0.47
89.485714	0.47	0.47	0.47	0.47	0.47	0.47	0.47	0.47	0.47	0.47	0.47	0.47	0.47	0.47	0.47	0.47	0.47	0.47	0.47	0.47	0.47	0.47	0.47	0.47	0.47	0.47	0.47	0.47	0.47	0.47	0.47	0.47	0.47	0.47
90.342857	0.47	0.47	0.47	0.47	0.47	0.47	0.47	0.47	0.47	0.47	0.47	0.47	0.47	0.47	0.47	0.47	0.47	0.47	0.47	0.47	0.47	0.47	0.47	0.47	0.47	0.47	0.47	0.47	0.47	0.47	0.47	0.47	0.47	0.47
91.2	0.47	0.47	0.47	0.47	0.47	0.47	0.47	0.47	0.47	0.47	0.47	0.47	0.47	0.47	0.47	0.47	0.47	0.47	0.47	0.47	0.47	0.47	0.47	0.47	0.47	0.47	0.47	0.47	0.47	0.47	0.47	0.47	0.47	0.47
92.057143	0.47	0.47	0.47	0.47	0.47	0.47	0.47	0.47	0.47	0.47	0.47	0.47	0.47	0.47	0.47	0.47	0.47	0.47	0.47	0.47	0.47	0.47	0.47	0.47	0.47	0.47	0.47	0.47	0.47	0.47	0.47	0.47	0.47	0.47
92.914286	0.47	0.47	0.47	0.47	0.47	0.47	0.47	0.47	0.47	0.47	0.47	0.47	0.47	0.47	0.47	0.47	0.47	0.47	0.47	0.47	0.47	0.47	0.47	0.47	0.47	0.47	0.47	0.47	0.47	0.47	0.47	0.47	0.47	0.47
93.771429	0.47	0.47	0.47	0.47	0.47	0.47	0.47	0.47	0.47	0.47	0.47	0.47	0.47	0.47	0.47	0.47	0.47	0.47	0.47	0.47	0.47	0.47	0.47	0.47	0.47	0.47	0.47	0.47	0.47	0.47	0.47	0.47	0.47	0.47
94.628571	0.47	0.47	0.47	0.47	0.47	0.47	0.47	0.47	0.47	0.47	0.47	0.47	0.47	0.47	0.47	0.47	0.47	0.47	0.47	0.47	0.47	0.47	0.47	0.47	0.47	0.47	0.47	0.47	0.47	0.47	0.47	0.47	0.47	0.47
95.485714	0.47	0.47	0.47	0.47	0.47	0.47	0.47	0.47	0.47	0.47	0.47	0.47	0.47	0.47	0.47	0.47	0.47	0.47	0.47	0.47	0.47	0.47	0.47	0.47	0.47	0.47	0.47	0.47	0.47	0.47	0.47	0.47	0.47	0.47
96.342857	0.47	0.47	0.47	0.47	0.47	0.47	0.47	0.47	0.47	0.47	0.47	0.47	0.47	0.47	0.47	0.47	0.47	0.47	0.47	0.47	0.47	0.47	0.47	0.47	0.47	0.47	0.47	0.47	0.47	0.47	0.47	0.47	0.47	0.47
97.2	0.335	0.335	0.335	0.335	0.335	0.335	0.335	0.335	0.335	0.335	0.335	0.335	0.335	0.335	0.335	0.335	0.335	0.335	0.335	0.335	0.335	0.335	0.335	0.335	0.335	0.335	0.335	0.335	0.335	0.335	0.335	0.335	0.335	0.335
99.806897	0.335	0.335	0.335	0.335	0.335	0.335	0.335	0.335	0.335	0.335	0.335	0.335	0.335	0.335	0.335	0.335	0.335	0.335	0.335	0.335	0.335	0.335	0.335	0.335	0.335	0.335	0.335	0.335	0.335	0.335	0.335	0.335	0.335	0.335
102.41379	0.335	0.335	0.335	0.335	0.335	0.335	0.335	0.335	0.335	0.335	0.335	0.335	0.335	0.335	0.335	0.335	0.335	0.335	0.335	0.335	0.335	0.335	0.335	0.335	0.335	0.335	0.335	0.335	0.335	0.335	0.335	0.335	0.335	0.335
105.02069	0.335	0.335	0.335	0.335	0.335	0.335	0.335	0.335	0.335	0.335	0.335	0.335	0.335	0.335	0.335	0.335	0.335	0.335	0.335	0.335	0.335	0.335	0.335	0.335	0.335	0.335	0.335	0.335	0.335	0.335	0.335	0.335	0.335	0.335
107.62759	0.335	0.335	0.335	0.335	0.335	0.335	0.335	0.335	0.335	0.335	0.335	0.335	0.335	0.335	0.335	0.335	0.335	0.335	0.335	0.335	0.335	0.335	0.335	0.335	0.335	0.335	0.335	0.335	0.335	0.335	0.335	0.335	0.335	0.335
110.23448	0.335	0.335	0.335	0.335	0.335	0.335	0.335	0.335	0.335	0.335	0.335	0.335	0.335	0.335	0.335	0.335	0.335	0.335	0.335	0.335	0.335	0.335	0.335	0.335	0.335	0.335	0.335	0.335	0.335	0.335	0.335	0.335	0.335	0.335
112.84138	0.335	0.335	0.335	0.335	0.335	0.335	0.335	0.335	0.335	0.335	0.335	0.335	0.335	0.335	0.335	0.335	0.335	0.335	0.335	0.335	0.335	0.335	0.335	0.335	0.335	0.335	0.335	0.335	0.335	0.335	0.335	0.335	0.335	0.335
115.44828	0.335	0.335	0.335	0.335	0.335	0.335	0.335	0.335	0.335	0.335	0.335	0.335	0.335	0.335	0.335	0.335	0.335	0.335	0.335	0.335	0.335	0.335	0.335	0.335	0.335	0.335	0.335	0.335	0.335	0.335	0.335	0.335	0.335	0.335
118.05517	0.335	0.335	0.335	0.335	0.335	0.335	0.335	0.335	0.335	0.335	0.335	0.335	0.335	0.335	0.335	0.335	0.335	0.335	0.335	0.335	0.335	0.335	0.335	0.335	0.335	0.335	0.335	0.335	0.335	0.335	0.335	0.335	0.335	0.335
120.66207	0.335	0.335	0.335	0.335	0.335	0.335	0.335	0.335	0.335	0.335	0.335	0.335	0.335	0.335	0.335	0.335	0.335	0.335	0.335	0.335	0.335	0.335	0.335	0.335	0.335	0.335	0.335	0.335	0.335	0.335	0.335	0.335	0.335	0.335
123.26897	0.335	0.335	0.335	0.335	0.335	0.335	0.335	0.335	0.335	0.335	0.335	0.335	0.335	0.335	0.335	0.335	0.335	0.335	0.335	0.335	0.335	0.335	0.335	0.335	0.335	0.335	0.335	0.335	0.335	0.335	0.335	0.335	0.335	0.335
125.87586	0.335	0.335	0.335	0.335	0.335	0.335	0.335	0.335	0.335	0.335	0.335	0.335	0.335	0.335	0.335	0.335	0.335	0.335	0.335	0.335	0.335	0.335	0.335	0.335	0.335	0.335	0.335	0.335	0.335	0.335	0.335	0.335	0.335	0.335
128.48276	0.335	0.335	0.335	0.335	0.335	0.335	0.335	0.335	0.335	0.335	0.335	0.335	0.335	0.335	0.335	0.335	0.335	0.335	0.335	0.335	0.335	0.335	0.335	0.335	0.335	0.335	0.335	0.335	0.335	0.335	0.335	0.335	0.335	0.335
131.08966	0.335	0.335	0.335	0.335	0.335	0.335	0.335	0.335	0.335	0.335	0.335	0.335	0.335	0.335	0.335	0.335	0.335	0.335	0.335	0.335	0.335	0.335	0.335	0.335	0.335	0.335	0.335	0.335	0.335	0.335	0.335	0.335	0.335	0.335
133.69655	0.335	0.335	0.335	0.335	0.335	0.335	0.335	0.335	0.335	0.335	0.335	0.335	0.335	0.335	0.335	0.335	0.335	0.335	0.335	0.335	0.335	0.335	0.335	0.335	0.335	0.335	0.335	0.335	0.335	0.335	0.335	0.335	0.335	0.335
136.30345	0.335	0.335	0.335	0.335	0.335	0.335	0.335	0.335	0.335	0.335	0.335	0.335	0.335	0.335	0.335	0.335	0.335	0.335	0.335	0.335	0.335	0.335	0.335	0.335	0.335	0.335	0.335	0.335	0.335	0.335	0.335	0.335	0.335	0.335
138.91034	0.335	0.335	0.335	0.335	0.335	0.335	0.335	0.335	0.335	0.335	0.335	0.335	0.335	0.335	0.335	0.335	0.335	0.335	0.335	0.335	0.335	0.335	0.335	0.335	0.335	0.335	0.335	0.335	0.335	0.335	0.335	0.335	0.335	0.335
141.51724	0.335	0.335	0.335	0.335	0.335	0.335	0.335	0.335	0.335	0.335	0.335	0.335	0.335	0.335	0.335	0.335	0.335	0.335	0.335	0.335	0.335	0.335	0.335	0.335	0.335	0.335	0.335	0.335	0.335	0.335	0.335	0.335	0.335	0.335
144.12414	0.335	0.335	0.335	0.335	0.335	0.335	0.335	0.335	0.335	0.335	0.335	0.335	0.335	0.335	0.335	0.335	0.335	0.335	0.335	0.335	0.335	0.335	0.335	0.335	0.335	0.335	0.335	0.335	0.335	0.335	0.335	0.335	0.335	0.335
146.73103	0.335	0.335	0.335	0.335	0.335	0.335	0.335	0.335	0.335	0.335	0.335	0.335	0.335	0.335	0.335	0.335	0.335	0.335	0.335	0.335	0.335	0.335	0.335	0.335	0.335	0.335	0.335	0.335	0.335	0.335	0.335	0.335	0.335	0.335
149.33793	0.335	0.335	0.335	0.335	0.335	0.335	0.335	0.335	0.335	0.335	0.335	0.335	0.335	0.335	0.335	0.335	0.335	0.335	0.335	0.335	0.335	0.335	0.335	0.335	0.335	0.335	0.335	0.335	0.335	0.335	0.335	0.335	0.335	0.335
151.94483	0.335	0.335	0.335	0.335	0.335	0.335	0.335	0.335	0.335	0.335	0.335	0.335	0.335	0.335	0.335	0.335	0.335	0.335	0.335	0.335	0.335	0.335	0.335	0.335	0.335	0.335	0.335	0.335	0.335	0.335	0.335	0.335	0.335	0.335
154.55172	0.335	0.335	0.335	0.335	0.335	0.335	0.335	0.335	0.335	0.335	0.335	0.335	0.335	0.335	0.335	0.335	0.335	0.335	0.335	0.335	0.335	0.335	0.335	0.335	0.335	0.335	0.335	0.335	0.335	0.335	0.335	0.335	0.335	0.335
157.15862	0.335	0.335	0.335	0.335	0.335	0.335	0.335	0.335	0.335	0.335	0.335	0.335	0.335	0.335	0.335	0.335	0.335	0.335	0.335	0.335	0.335	0.335	0.335	0.335	0.335	0.335	0.335	0.335	0.335	0.335	0.335	0.335	0.335	0.335
159.76552	0.335	0.335	0.335	0.335	0.335	0.335	0.335	0.335	0.335	0.335	0.335	0.335	0.335	0.335	0.335	0.335	0.335	0.335	0.335	0.335	0.335	0.335	0.335	0.335	0.335	0.335	0.335	0.335	0.335	0.335	0.335	0.335	0.335	0.335
162.37241	0.335	0.335	0.335	0.335	0.335	0.335	0.335	0.335	0.335	0.335	0.335	0.335	0.335	0.335	0.335	0.335	0.335	0.335	0.335	0.335	0.335	0.335	0.335	0.335	0.335	0.335	0.335	0.335	0.335	0.335	0.335	0.335	0.335	0.335
164.97931	0.335	0.335	0.335	0.335	0.335	0.335	0.335	0.335	0.335	0.335	0.335	0.335	0.335	0.335	0.335	0.335	0.335	0.335	0.335	0.335	0.335	0.335	0.335	0.335	0.335	0.335	0.335	0.335	0.335	0.335	0.335	0.335	0.335	0.335
167.58621	0.335	0.335	0.335	0.335	0.335	0.335	0.335	0.335	0.335	0.335	0.335	0.335	0.335	0.335	0.335	0.335	0.335	0.335	0.335	0.335	0.335	0.335	0.335	0.335	0.335	0.335	0.335	0.335	0.335	0.335	0.335	0.335	0.335	0.335
170.1931	0.335	0.335	0.335	0.335	0.335	0.335	0.335	0.335	0.335	0.335	0.335	0.335	0.335	0.335	0.335	0.335	0.335	0.335	0.335	0.335	0.335	0.335	0.335	0.335	0.335	0.335	0.335	0.335	0.335	0.335	0.335	0.335	0.335	0.335
172.8	0.335	0.335	0.335	0.335	0.335	0.335	0.335	0.335	0.335	0.335	0.335	0.335	0.335	0.335	0.335	0.335	0.335	0.335	0.335	0.335	0.335	0.335	0.335	0.335	0.335	0.335	0.335	0.335	0.335	0.335	0.335	0.335	0.335	0.335
