x	t=0	t=100	t=200	t=400	t=800	t=1000	t=1200	t=1400	t=1600	t=2000	t=2100	t=2200	t=2300	t=2400	t=2500	t=3600	t=3660	t=4000	t=4100	t=4200	t=4400	t=4800	t=4900	t=5000	t=5100	t=5200	t=5300	t=5400	t=5500	t=5600	t=5700	t=5800	t=5900	t=5990
0	0	0	0	0	0	0	0	0	0	0	0	0	0	0	0	0	0	0	0	0	0	0	0	0	0	0	0	0	0	0	0	0	0	0
2.937931	0	-6.1432895e-05	-6.6650767e-05	-6.6010893e-05	-6.8869576e-05	-8.5033423e-05	-0.00010937616	-8.81978e-05	-7.1396245e-05	-8.1067757e-05	-8.8713613e-05	-9.8999962e-05	-0.00011140315	-0.00012061428	-0.00012920487	3.4503935e-05	5.2447252e-05	4.9985429e-05	4.9302719e-05	5.2320567e-05	6.0247961e-05	4.9610601e-05	4.7026064e-05	4.5481984e-05	4.5289843e-05	4.6376893e-05	4.8268079e-05	5.0632185e-05	5.3330103e-05	5.6329348e-05	5.9661998e-05	6.340481e-05	6.7570311e-05	7.1047199e-05
5.8758621	0	-0.0002453712	-0.00026606876	-0.0002635248	-0.00027493765	-0.00033932059	-0.00043592447	-0.0003513715	-0.00028489636	-0.00032347836	-0.00035391847	-0.000394879	-0.00044619146	-0.00048354276	-0.00051777222	0.00013806915	0.00020975326	0.00019989224	0.00019718631	0.00020925624	0.00024087717	0.00019836702	0.00018805765	0.00018190296	0.00018115002	0.00018550885	0.00019308046	0.0002025409	0.0002133342	0.0002253306	0.00023865786	0.00025361957	0.000270248	0.00028404356
8.8137931	0	-0.00055074719	-0.00059667347	-0.00059100706	-0.0006166028	-0.00076043353	-0.00097486546	-0.00078533709	-0.00063846675	-0.00072487357	-0.00079281607	-0.00088425405	-0.00099962198	-0.0010920772	-0.0011685893	0.00031085775	0.00047181162	0.00044957401	0.00044357896	0.00047073056	0.00054154495	0.00044604594	0.00042295745	0.00040919039	0.00040755468	0.00041740196	0.00043446391	0.000455765	0.00048005617	0.00050704597	0.0005370198	0.00057064726	0.00060793099	0.00063853695
11.751724	0	-0.00097582428	-0.0010559039	-0.0010459703	-0.0010912634	-0.0013443725	-0.0017181638	-0.0013833796	-0.0011288247	-0.0012813945	-0.0014007879	-0.0015614512	-0.0017646258	-0.001951823	-0.0020865732	0.00055314511	0.00083844706	0.00079879318	0.0007883664	0.00083662051	0.00096168419	0.0007922839	0.00075150432	0.00072723039	0.00072446731	0.00074207277	0.00077246949	0.00081037593	0.00085357605	0.00090155308	0.00095480869	0.0010144976	0.0010804385	0.0011337153
14.689655	0	-0.0015182602	-0.001640327	-0.0016250793	-0.0016954202	-0.0020856693	-0.0026546043	-0.0021366526	-0.001751597	-0.001987809	-0.0021715099	-0.0024185569	-0.0027310329	-0.003042267	-0.0032767736	0.00086532555	0.0013094178	0.0012472294	0.0012313993	0.0013067621	0.0015005089	0.0012365899	0.0011734042	0.0011358773	0.0011318496	0.0011595568	0.0012071811	0.0012664863	0.001334019	0.0014089742	0.001492123	0.0015851912	0.0016874879	0.0017683075
17.627586	0	-0.0021751956	-0.0023457898	-0.0023242969	-0.0024248252	-0.0029775839	-0.003770158	-0.0030347306	-0.0025015377	-0.0028377219	-0.0030971826	-0.0034456493	-0.0038857481	-0.0043399344	-0.004686013	0.0012479183	0.0018844178	0.0017944915	0.0017725033	0.001880958	0.0021570223	0.0017783628	0.0016883055	0.0016349672	0.0016296736	0.0016699206	0.0017387271	0.0018242622	0.0019215678	0.002029489	0.0021491109	0.0022827631	0.002428649	0.0025404261
20.565517	0	-0.0029433667	-0.0031676083	-0.003139068	-0.0032746722	-0.0040124087	-0.005048706	-0.0040662711	-0.0033727934	-0.0038238713	-0.0041688954	-0.0046312636	-0.0052133734	-0.0058236536	-0.0062867384	0.0017015734	0.0025630807	0.0024401328	0.0024114924	0.0025589869	0.0029300264	0.0024169135	0.002295818	0.0022243348	0.0022179378	0.0022732768	0.0023672962	0.0024839383	0.0026164791	0.0027633514	0.0029259845	0.0031072601	0.0033032584	0.0034473448
23.503448	0	-0.0038192371	-0.0041007831	-0.0040645289	-0.0042398212	-0.0051818643	-0.0064730422	-0.0052197117	-0.0043591965	-0.0049384939	-0.0053771023	-0.0059630603	-0.0066972295	-0.0074704816	-0.0080496497	0.002227078	0.0033449853	0.0031836697	0.0031481841	0.0033406144	0.0038181355	0.0031514918	0.0029955368	0.0029038349	0.0028966864	0.0029698027	0.0030931553	0.0032458374	0.0034191027	0.0036109087	0.003823035	0.004058726	0.0043102658	0.004485224
26.441379	0	-0.0047991422	-0.0051402264	-0.0050957287	-0.0053150387	-0.0064775404	-0.0080259605	-0.0064839166	-0.0054545613	-0.0061737226	-0.0067121495	-0.007428587	-0.0083205521	-0.0092576783	-0.0099465896	0.0028253614	0.0042296632	0.004024604	0.0039824184	0.004225606	0.0048197915	0.0039813174	0.0037870694	0.003673366	0.003666032	0.003759763	0.0039166721	0.0041103927	0.0043299048	0.0045726242	0.0048406459	0.0051371564	0.0054479757	0.0056488551
29.37931	0	-0.0058794375	-0.0062809826	-0.0062278452	-0.0064952345	-0.0078913222	-0.0096912165	-0.0078487004	-0.0066529584	-0.0075219684	-0.008164778	-0.0090159903	-0.010067573	-0.011164384	-0.011952758	0.0034974991	0.0052166096	0.0049624484	0.0049140787	0.0052137397	0.0059332829	0.0049056154	0.0046700674	0.0045328997	0.0045261817	0.0046435347	0.0048383408	0.0050781742	0.0053494949	0.0056491019	0.0059792985	0.006342397	0.0067136542	0.0069315564
32.317241	0	-0.007056643	-0.0075184264	-0.0074563804	-0.0077756772	-0.0094157436	-0.011454224	-0.0093051925	-0.0079489466	-0.008976246	-0.0097265343	-0.01071456	-0.011924271	-0.013172645	-0.014047821	0.0042447159	0.0063052967	0.0059967552	0.0059431153	0.0063048205	0.0071567672	0.0059236563	0.005644262	0.0054825116	0.0054774677	0.0056216365	0.0058588113	0.0061499181	0.0064786552	0.0068411107	0.0072395573	0.0076739309	0.0081030381	0.008325385
35.255172	0	-0.0083275737	-0.0088484289	-0.0087773253	-0.0091521739	-0.01104423	-0.013302454	-0.010846038	-0.0093377511	-0.010530415	-0.01139005	-0.012515052	-0.013878734	-0.015267764	-0.016216035	0.0050683886	0.0074951904	0.0071271492	0.0070695717	0.0074986946	0.0084882981	0.0070347998	0.0067095035	0.0065224182	0.0065203803	0.0066947621	0.0069789222	0.0073265613	0.007718374	0.0081496048	0.0086220093	0.0091304787	0.0096099261	0.0098217256
38.193103	0	-0.0096894541	-0.010267485	-0.010187287	-0.010621208	-0.012771217	-0.015225584	-0.012465465	-0.010815387	-0.012179331	-0.013149184	-0.014409791	-0.015921182	-0.017438159	-0.018445776	0.0059700485	0.0087857715	0.0083533642	0.0082936133	0.008795264	0.0099258585	0.0082385436	0.0078658053	0.0076530164	0.0076556063	0.0078638171	0.0081997389	0.0086092788	0.0090698802	0.0095757311	0.010127105	0.010709352	0.011226191	0.011412122
41.131034	0	-0.011140012	-0.011772806	-0.011683579	-0.012180034	-0.014592144	-0.017215475	-0.014159247	-0.012378729	-0.013918909	-0.014999046	-0.016392607	-0.018043773	-0.019674975	-0.020728842	0.0069513858	0.010176561	0.0096752838	0.0096155576	0.0101945	0.011467399	0.0095345764	0.0091133924	0.0088749285	0.008884071	0.0091299611	0.0095225956	0.0099995263	0.010534677	0.011120799	0.011754793	0.012405666	0.012942465	0.013089087
44.068966	0	-0.012677553	-0.013362375	-0.013264284	-0.013826736	-0.016503357	-0.019266056	-0.015924615	-0.014025551	-0.015746123	-0.016935926	-0.01845866	-0.020240322	-0.021971632	-0.023059744	0.008014255	0.01166715	0.011092987	0.011035908	0.011696459	0.013110882	0.010922837	0.010452756	0.010189052	0.010206986	0.010494655	0.010949143	0.011499086	0.012114568	0.012786165	0.01350382	0.014211894	0.014749362	0.014846683
47.006897	0	-0.014301016	-0.015034982	-0.014928288	-0.015560254	-0.018501928	-0.021373162	-0.017760136	-0.015754519	-0.017658948	-0.018957166	-0.020604215	-0.022506	-0.024323407	-0.025435117	0.0091606843	0.013257234	0.012606799	0.01255539	0.013301293	0.014854342	0.012403579	0.011884714	0.011596615	0.011625903	0.011959712	0.012481403	0.013110115	0.013811651	0.014572902	0.015370648	0.016118395	0.016638715	0.016680815
49.944828	0	-0.016010018	-0.016790241	-0.016675296	-0.017380391	-0.020585445	-0.023534367	-0.019665588	-0.01756519	-0.019656277	-0.021060989	-0.022826407	-0.02483709	-0.026727099	-0.027853246	0.010392889	0.014946657	0.014217351	0.014174985	0.015009268	0.016695942	0.013977445	0.013410476	0.013099242	0.013142773	0.013527365	0.014121826	0.014835189	0.015628237	0.016481069	0.017348534	0.018115016	0.01860441	0.01858927
52.882759	0	-0.017804889	-0.018628601	-0.01850585	-0.019287799	-0.022751816	-0.02574883	-0.021641848	-0.019457982	-0.021737805	-0.023246324	-0.025123037	-0.027230803	-0.029180774	-0.030313727	0.011713291	0.016735456	0.01592564	0.015895977	0.016820779	0.018634056	0.015645544	0.015031727	0.014699021	0.014760019	0.015200329	0.015873363	0.016677326	0.017566553	0.018508385	0.019427817	0.020192934	0.020642719	0.020571591
55.82069	0	-0.019686703	-0.020551349	-0.020421336	-0.021283959	-0.024999146	-0.028017139	-0.023690796	-0.021434163	-0.023903906	-0.025512622	-0.027492417	-0.029685174	-0.03168358	-0.032817213	0.013124546	0.018623924	0.017733111	0.017719989	0.018736374	0.020667354	0.017409552	0.016750707	0.016398592	0.016480615	0.016981886	0.01773953	0.018639931	0.019627954	0.020648848	0.021597886	0.022345893	0.022752259	0.022628848
58.758621	0	-0.021657312	-0.022560628	-0.022423999	-0.023371143	-0.02732572	-0.030341193	-0.025815249	-0.023495832	-0.026155495	-0.027859693	-0.029933282	-0.032199003	-0.034235621	-0.035365251	0.014629587	0.020612671	0.019641738	0.019649033	0.020756781	0.022794903	0.019271816	0.018570321	0.018201241	0.01830818	0.018875978	0.019724461	0.020726519	0.021811346	0.022892819	0.023849702	0.024570638	0.024933745	0.024763395
61.696552	0	-0.023719382	-0.024659462	-0.02451697	-0.025552349	-0.029730121	-0.032724085	-0.028018914	-0.025645921	-0.028493887	-0.030287578	-0.032444761	-0.034771838	-0.036837852	-0.037960157	0.016231672	0.022702717	0.02165413	0.021685562	0.022882959	0.02501629	0.021235484	0.020494261	0.020111017	0.020247097	0.020887309	0.021832891	0.022939846	0.024111339	0.02522949	0.026177436	0.02686679	0.027189657	0.026978655
64.634483	0	-0.025876444	-0.026851789	-0.026704312	-0.027831211	-0.03221144	-0.035170028	-0.030306376	-0.027888204	-0.030920649	-0.032796463	-0.035026403	-0.037403967	-0.039492018	-0.040604943	0.017934457	0.024895584	0.023773649	0.023832529	0.025116158	0.027331764	0.023304663	0.022527148	0.022132874	0.022302642	0.023021444	0.024069882	0.025279984	0.026518292	0.02765014	0.028578931	0.029236482	0.029523935	0.029278976
67.572414	0	-0.02813296	-0.029142527	-0.028991076	-0.030211836	-0.034769547	-0.0376843	-0.032683117	-0.030227319	-0.033437468	-0.035386659	-0.037678243	-0.040096433	-0.04220061	-0.043303275	0.01974209	0.027193429	0.026004558	0.026093462	0.02745802	0.0297424	0.025484608	0.024674726	0.024272845	0.024481149	0.025284832	0.026439811	0.027742006	0.029021535	0.030150089	0.031055463	0.031683929	0.031941753	0.031669569
70.510345	0	-0.030494405	-0.031537655	-0.031383395	-0.032698579	-0.037405353	-0.040273231	-0.035155558	-0.032668809	-0.03604604	-0.038058642	-0.040400887	-0.042851036	-0.044966834	-0.046059458	0.021659334	0.029599199	0.028352198	0.028472559	0.02991072	0.032250313	0.027781966	0.026944083	0.026538259	0.026790176	0.027684526	0.02894395	0.030316301	0.031613408	0.032729101	0.033611247	0.034215084	0.034449419	0.034156522
73.448276	0	-0.032967381	-0.034044326	-0.033888596	-0.035295737	-0.040121049	-0.042944232	-0.037731144	-0.035219175	-0.038748031	-0.040813164	-0.043195605	-0.04567036	-0.047794617	-0.048878451	0.023691729	0.032116839	0.030823214	0.030974826	0.03247716	0.034858913	0.030205086	0.029343955	0.028938012	0.029238607	0.030226914	0.031577701	0.032992936	0.034291385	0.035390975	0.036252948	0.03683745	0.037054379	0.036746884
76.386207	0	-0.035559758	-0.036671024	-0.036515366	-0.038007254	-0.042920302	-0.045705848	-0.040418452	-0.03788593	-0.041545112	-0.043651409	-0.04606443	-0.048557795	-0.050688625	-0.051765898	0.02584581	0.034751557	0.033425839	0.033606265	0.035161251	0.037573235	0.032764428	0.031885119	0.031482887	0.031836342	0.032914546	0.034331758	0.035766472	0.037058276	0.03814296	0.038989378	0.039560066	0.039765343	0.039448807
79.324138	0	-0.03828086	-0.039427759	-0.039273948	-0.040836571	-0.045808415	-0.048567872	-0.043227346	-0.040677674	-0.044439093	-0.046575174	-0.049010249	-0.051517584	-0.053654303	-0.054728186	0.028129401	0.037510186	0.036170271	0.036374172	0.037968288	0.040400384	0.035473129	0.034580913	0.03418581	0.034592532	0.035743155	0.037198107	0.038637998	0.039921677	0.040995307	0.041831442	0.04239367	0.042592508	0.042271757
82.262069	0	-0.041141707	-0.04232633	-0.042176415	-0.043786794	-0.048792476	-0.051541489	-0.046169169	-0.043604141	-0.047432145	-0.049587063	-0.052036893	-0.054554874	-0.056697938	-0.057772526	0.030552011	0.040401682	0.039069187	0.039287573	0.040905486	0.043350135	0.038347774	0.037447911	0.03706151	0.037511312	0.038704681	0.040175417	0.041615091	0.042893406	0.043961156	0.044792362	0.045351044	0.045547894	0.045226791
85.2	0	-0.044155324	-0.045380662	-0.045237014	-0.046861222	-0.05188149	-0.054639487	-0.049256993	-0.04667624	-0.050527068	-0.052690661	-0.055149229	-0.05767579	-0.059826749	-0.06090705	0.033125393	0.04343782	0.042138475	0.042357903	0.043982715	0.046435791	0.04140952	0.040506631	0.04012385	0.040589417	0.041795378	0.043270749	0.04471124	0.045989317	0.047056843	0.047888191	0.048447551	0.048645816	0.048326926
86.057143	0	-0.044666551	-0.045902029	-0.045760139	-0.047382528	-0.052403636	-0.055165963	-0.049784329	-0.047199767	-0.051049648	-0.053213782	-0.05567334	-0.058201283	-0.060353943	-0.061436052	0.033524345	0.04395083	0.042663583	0.042881268	0.04450549	0.046960178	0.041934688	0.041031454	0.040648171	0.041112901	0.042318477	0.043794046	0.045234948	0.04651347	0.047581421	0.04841317	0.048972922	0.049171619	0.048853242
86.914286	0	-0.045004374	-0.046248609	-0.046108239	-0.047728949	-0.0527505	-0.05551641	-0.050135806	-0.047548033	-0.051396858	-0.053561311	-0.056021541	-0.058550473	-0.060704418	-0.061787999	0.03376162	0.044289185	0.043012895	0.043229045	0.044852709	0.047308748	0.042283937	0.041380378	0.040996622	0.041460569	0.042665741	0.044141412	0.045582605	0.046861452	0.047929714	0.048761752	0.049321784	0.049520791	0.049202797
87.771429	0	-0.045342397	-0.04659535	-0.0464565	-0.048075579	-0.053097644	-0.055867132	-0.050487471	-0.047896483	-0.051744328	-0.053909133	-0.056370065	-0.058900014	-0.061055262	-0.062140314	0.033998745	0.044627741	0.043362452	0.043577075	0.045200189	0.047657575	0.042633408	0.041729523	0.041345297	0.041808472	0.043013249	0.04448903	0.045930518	0.047209694	0.048278268	0.049110596	0.049670907	0.049870224	0.049552614
88.628571	0	-0.045680634	-0.046942263	-0.046804936	-0.048422429	-0.05344508	-0.05621814	-0.050839336	-0.048245128	-0.05209207	-0.054257257	-0.056718924	-0.059249918	-0.061406487	-0.062493008	0.034235749	0.044966512	0.04371227	0.043925376	0.045547947	0.048006675	0.042983116	0.042078904	0.041694212	0.042156627	0.043361018	0.044836916	0.046278705	0.047558212	0.0486271	0.049459719	0.050020309	0.050219937	0.049902709
89.485714	0	-0.046019094	-0.04728936	-0.047153557	-0.048769513	-0.05379282	-0.056569446	-0.051191413	-0.048593982	-0.052440095	-0.054605696	-0.05706813	-0.059600196	-0.061758103	-0.062846093	0.034472663	0.045305515	0.044062367	0.044273964	0.045896	0.048356066	0.04333308	0.042428539	0.042043386	0.042505049	0.043709064	0.045185088	0.046627183	0.047907024	0.048976228	0.049809138	0.050370008	0.050569945	0.0502531
90.342857	0	-0.046357791	-0.047636655	-0.047502378	-0.049116841	-0.054140874	-0.056921062	-0.051543714	-0.048943056	-0.052788415	-0.054954461	-0.057417692	-0.059950859	-0.062110123	-0.063199581	0.034709518	0.045644766	0.04441276	0.044622857	0.046244366	0.048705765	0.043683316	0.042778445	0.042392834	0.042853757	0.044057406	0.045533562	0.046975969	0.048256148	0.04932567	0.050158871	0.050720021	0.050920268	0.050603804
91.2	0	-0.046696736	-0.047984158	-0.047851408	-0.049464425	-0.054489255	-0.057273	-0.051896253	-0.049292362	-0.053137041	-0.055303564	-0.057767624	-0.060301919	-0.062462557	-0.063553483	0.034946343	0.045984283	0.044763468	0.044972074	0.046593063	0.049055792	0.044033842	0.04312864	0.042742575	0.043202767	0.044406061	0.045882357	0.047325081	0.048605601	0.049675442	0.050508937	0.051070367	0.051270923	0.050954841
92.057143	0	-0.047035941	-0.048331883	-0.048200662	-0.049812277	-0.054837974	-0.057625272	-0.052249041	-0.049641913	-0.053485985	-0.055653015	-0.058117935	-0.060653386	-0.062815418	-0.06390781	0.03518317	0.046324082	0.045114508	0.045321631	0.046942108	0.049406163	0.044384676	0.043479141	0.043092626	0.043552098	0.044755047	0.046231491	0.047674537	0.048955402	0.050025565	0.050859354	0.051421065	0.051621929	0.051306229
92.914286	0	-0.047375416	-0.04867984	-0.048550151	-0.050160408	-0.055187041	-0.057977889	-0.05260209	-0.04999172	-0.053835258	-0.056002826	-0.058468638	-0.061005273	-0.063168715	-0.064262575	0.035420031	0.046664181	0.0454659	0.045671547	0.047291521	0.049756899	0.044735837	0.043829968	0.043443005	0.043901767	0.045104382	0.046580982	0.048024356	0.04930557	0.050376056	0.05121014	0.051772132	0.051973305	0.051657987
93.771429	0	-0.047715174	-0.049028043	-0.048899887	-0.05050883	-0.05553647	-0.058330864	-0.052955413	-0.050341795	-0.054184872	-0.056353009	-0.058819743	-0.061357591	-0.063522462	-0.064617788	0.035656956	0.047004598	0.045817662	0.046021841	0.047641319	0.050108018	0.045087342	0.044181137	0.04379373	0.044251793	0.045454083	0.046930849	0.048374557	0.049656123	0.050726935	0.051561315	0.052123589	0.052325071	0.052010133
94.628571	0	-0.048055227	-0.049376501	-0.049249881	-0.050857555	-0.055886269	-0.058684208	-0.053309023	-0.050692151	-0.054534838	-0.056703575	-0.059171263	-0.06171035	-0.063876669	-0.064973462	0.035893978	0.04734535	0.046169813	0.046372532	0.047991522	0.050459539	0.045439212	0.044532668	0.044144821	0.044602195	0.045804171	0.04728111	0.048725158	0.05000708	0.05107822	0.051912898	0.052475454	0.052677245	0.052362689
95.485714	0	-0.048395585	-0.049725229	-0.049600147	-0.051206593	-0.056236452	-0.059037933	-0.05366293	-0.051042798	-0.054885167	-0.057054534	-0.059523208	-0.062063562	-0.064231348	-0.065329608	0.036131127	0.047686457	0.046522373	0.046723639	0.04834215	0.050811483	0.045791464	0.044884581	0.044496296	0.044952991	0.046154665	0.047631786	0.04907618	0.050358462	0.051429933	0.052264909	0.052827748	0.053029849	0.052715674
96.342857	0	-0.04873626	-0.050074236	-0.049950695	-0.051555956	-0.05658703	-0.059392051	-0.054017148	-0.051393749	-0.055235872	-0.0574059	-0.059875589	-0.062417239	-0.06458651	-0.065686238	0.036368437	0.048027937	0.046875362	0.047075182	0.048693222	0.051163869	0.046144119	0.045236893	0.044848175	0.045304201	0.046505583	0.047982895	0.049427642	0.050710288	0.051782092	0.052617369	0.053180491	0.053382901	0.053069108
97.2	0	-0.049168243	-0.050515272	-0.050393394	-0.051997537	-0.057030371	-0.059839396	-0.054464116	-0.051837004	-0.055679234	-0.057850186	-0.060321215	-0.062864514	-0.065035598	-0.066137004	0.036689814	0.048461784	0.047321306	0.047519576	0.04913716	0.051609249	0.046589554	0.04568194	0.045292759	0.045748108	0.046949237	0.048426813	0.049871984	0.05115505	0.052227229	0.053062838	0.053626267	0.05382901	0.053515627
99.806897	0	-0.050868603	-0.052256594	-0.05214043	-0.053740926	-0.058783135	-0.061607179	-0.056227402	-0.053585755	-0.057430169	-0.059605526	-0.062082498	-0.06463277	-0.066811133	-0.067918735	0.03802335	0.05017412	0.049079924	0.049273912	0.05089098	0.053369441	0.048349838	0.047440502	0.047049404	0.047502436	0.048703016	0.050182001	0.051629206	0.052914253	0.05398812	0.054825069	0.055389507	0.055592993	0.055280122
102.41379	0	-0.052494993	-0.053944123	-0.053834144	-0.055429873	-0.060484391	-0.063325005	-0.057938542	-0.055279914	-0.059126955	-0.061307491	-0.06379118	-0.066349132	-0.068535334	-0.069649456	0.039276523	0.051815305	0.050782527	0.05097385	0.0525919	0.055079503	0.050061764	0.049150044	0.048756277	0.049206531	0.050406589	0.051887511	0.053337594	0.054625517	0.0557018	0.056540496	0.057105908	0.057309475	0.056995566
105.02069	0	-0.054049251	-0.055578099	-0.05547497	-0.057064822	-0.062134182	-0.064992795	-0.059597784	-0.05692003	-0.060769973	-0.062956349	-0.065447421	-0.068013662	-0.070208189	-0.071329114	0.040453312	0.053388174	0.052430907	0.052621014	0.054241396	0.056740664	0.051726426	0.050811725	0.050414606	0.05086166	0.05206121	0.053544538	0.054998267	0.056289895	0.057369278	0.058210115	0.058776495	0.058979579	0.0586633
107.62759	0	-0.055533296	-0.057158525	-0.057063084	-0.058645988	-0.063732355	-0.06661026	-0.06120513	-0.058506397	-0.06235938	-0.064552156	-0.067051177	-0.069626223	-0.071829488	-0.072957456	0.041557508	0.054895213	0.054026568	0.054216752	0.055840684	0.058353911	0.053344679	0.052426455	0.052025364	0.052468834	0.05366788	0.055154034	0.056612108	0.057908207	0.058991333	0.059834692	0.06040206	0.06060418	0.060284389
110.23448	0	-0.056949102	-0.058685204	-0.058598444	-0.060173391	-0.065278581	-0.068176927	-0.062760376	-0.060039089	-0.063895143	-0.066094781	-0.068602221	-0.071186504	-0.073398846	-0.074534057	0.04259274	0.056338588	0.055570732	0.055762145	0.057390722	0.059919987	0.054917133	0.053994897	0.053589275	0.054028811	0.055227352	0.056716708	0.058179763	0.05948104	0.06056851	0.06141476	0.061983156	0.062183908	0.061859626
112.84138	0	-0.058298651	-0.060157769	-0.060080811	-0.061646873	-0.066772381	-0.069692162	-0.06426313	-0.061517985	-0.065377058	-0.067583933	-0.070100171	-0.072694036	-0.074915728	-0.076058339	0.04356248	0.057720176	0.057064347	0.057258009	0.05889221	0.061439392	0.056444158	0.055517467	0.055106814	0.055542101	0.056740134	0.058233027	0.059701641	0.061008746	0.062101122	0.062950615	0.063520097	0.063719141	0.063389536
115.44828	0	-0.059583877	-0.061575715	-0.061509779	-0.063066129	-0.068213146	-0.071155191	-0.065712842	-0.062942795	-0.066804774	-0.069019176	-0.071544507	-0.074148217	-0.076379464	-0.077529589	0.044470053	0.059041582	0.058508091	0.058704898	0.060345595	0.062912382	0.057925874	0.056994333	0.056578199	0.057008959	0.058206481	0.059703213	0.061177907	0.062491435	0.063589238	0.064442311	0.06501295	0.065210005	0.064874371
118.05517	0	-0.060806606	-0.06293842	-0.062884794	-0.06443072	-0.06960015	-0.072565115	-0.067108821	-0.064313083	-0.068177814	-0.070399952	-0.072934586	-0.075548328	-0.077789266	-0.078946976	0.045318639	0.060304167	0.059902372	0.060103104	0.061751063	0.064338957	0.059362151	0.058425405	0.058003396	0.058429385	0.059626395	0.061127235	0.062608478	0.063928968	0.06503268	0.065889651	0.066461528	0.066656367	0.066314112
120.66207	0	-0.061968514	-0.064245178	-0.064205174	-0.065740095	-0.070932571	-0.073920934	-0.068450254	-0.065628288	-0.069495586	-0.071725597	-0.074269665	-0.076893546	-0.079144247	-0.080309568	0.046111269	0.061509058	0.061247327	0.061452653	0.063108542	0.065718862	0.060752597	0.059810336	0.059382107	0.059803116	0.060999619	0.062504805	0.063993013	0.06532095	0.066431009	0.067292175	0.06786538	0.06805782	0.067708459
123.26897	0	-0.063071092	-0.065495218	-0.065470133	-0.066993605	-0.072209505	-0.075221558	-0.069736229	-0.066887739	-0.070757408	-0.072995353	-0.07554891	-0.078182965	-0.080443434	-0.081616349	0.046850822	0.062657168	0.062542825	0.062753306	0.064417693	0.067051571	0.062096553	0.061148507	0.060713766	0.061129625	0.062325629	0.063835371	0.065330907	0.066666719	0.067783517	0.068649152	0.069223778	0.069413683	0.069056823
125.87586	0	-0.064115633	-0.066687727	-0.066678792	-0.068190519	-0.07342998	-0.076465826	-0.070965748	-0.068090672	-0.071962513	-0.074208389	-0.076771414	-0.079415602	-0.081685782	-0.082866227	0.047540018	0.06374921	0.063788459	0.064004554	0.065677907	0.068336289	0.063393083	0.062439026	0.061997534	0.062408109	0.06360363	0.065118106	0.066621281	0.067965336	0.069089218	0.069959566	0.070535709	0.070722982	0.070358321
128.48276	0	-0.065103225	-0.067821871	-0.067830201	-0.069330039	-0.07459297	-0.077652521	-0.072137744	-0.069236253	-0.073110072	-0.075363809	-0.077936211	-0.080590421	-0.08287019	-0.084058058	0.048181411	0.064785707	0.064983548	0.065205615	0.066888303	0.069571935	0.064640967	0.06368072	0.063232292	0.06363749	0.064832549	0.066351908	0.067862975	0.069215578	0.070346834	0.07122211	0.071799862	0.071984443	0.071611768
131.08966	0	-0.066034758	-0.06889681	-0.068923355	-0.070411313	-0.075697409	-0.078780386	-0.073251099	-0.070323583	-0.074199199	-0.076460667	-0.079042285	-0.081706338	-0.083995511	-0.085190649	0.048777379	0.065767008	0.06612714	0.066355435	0.068047725	0.070757147	0.065838698	0.064872129	0.064416638	0.064816407	0.066011032	0.067535391	0.069054542	0.07041593	0.07155479	0.072435173	0.073014623	0.073196487	0.072815668
133.69655	0	-0.066910931	-0.069911713	-0.069957207	-0.071433449	-0.076742202	-0.079848137	-0.074304659	-0.071351722	-0.075228972	-0.077497982	-0.080088589	-0.082762237	-0.085060572	-0.086262782	0.049330116	0.066693294	0.067218007	0.06745269	0.069154745	0.071890273	0.066984477	0.066011506	0.065548887	0.065943219	0.067137446	0.068666885	0.070194249	0.071564582	0.072711214	0.07359684	0.074178066	0.074357222	0.073968212
136.30345	0	-0.067732261	-0.070865765	-0.070930686	-0.072395525	-0.077726242	-0.080854479	-0.075297248	-0.072319695	-0.076198437	-0.078474746	-0.081074053	-0.083756984	-0.086064176	-0.087273219	0.049841623	0.067564589	0.06825466	0.068495793	0.070207664	0.072969379	0.068076221	0.067096824	0.066627076	0.067016012	0.068209883	0.069744442	0.071280074	0.072659432	0.07381393	0.074704888	0.075287957	0.075464446	0.075067284
138.91034	0	-0.068499104	-0.071758176	-0.071842716	-0.073296604	-0.078648415	-0.081798122	-0.076227684	-0.073226514	-0.077106628	-0.07938994	-0.081997597	-0.084689437	-0.087005127	-0.088220719	0.050313698	0.068380769	0.069235353	0.069482901	0.07120453	0.073992258	0.069111569	0.068125783	0.067648975	0.068032604	0.069226166	0.070765844	0.072309724	0.073698097	0.074860476	0.075756802	0.076341764	0.076515657	0.076110468
141.51724	0	-0.069211657	-0.072588184	-0.072692222	-0.074135746	-0.079507619	-0.082677791	-0.077094792	-0.074071182	-0.077952572	-0.080242543	-0.082858145	-0.085558461	-0.087882235	-0.089104052	0.050747931	0.069141572	0.070158106	0.070411939	0.072143152	0.07495645	0.070087906	0.069095834	0.068612108	0.068990571	0.070183879	0.071728623	0.073280646	0.074677929	0.075848118	0.076749788	0.077336673	0.077508072	0.077095066
144.12414	0	-0.069869979	-0.073355057	-0.073478152	-0.074912016	-0.080302774	-0.083492247	-0.077897423	-0.074852715	-0.078735302	-0.081031546	-0.083654632	-0.086362937	-0.088694329	-0.08992201	0.051145691	0.069846598	0.071020726	0.071280623	0.073021126	0.075859269	0.071002391	0.070004204	0.069513781	0.069887275	0.071080383	0.072630092	0.074190065	0.075596049	0.076773882	0.077680807	0.07826962	0.078438657	0.078018133
146.73103	0	-0.070473992	-0.074058093	-0.074199491	-0.0756245	-0.081032831	-0.084240291	-0.07863446	-0.075570147	-0.079453872	-0.081755959	-0.084386022	-0.087101777	-0.089440273	-0.090673419	0.051508125	0.070495325	0.071820842	0.072086492	0.073835876	0.076697843	0.071852	0.070847945	0.070351122	0.070719899	0.071912867	0.07346738	0.075035014	0.076449383	0.077634597	0.078546619	0.07913734	0.079304172	0.078876515
149.33793	0	-0.071023495	-0.074696619	-0.074855267	-0.07627231	-0.081696784	-0.084920788	-0.079304838	-0.076222545	-0.08010736	-0.082414824	-0.085051313	-0.087773933	-0.090118975	-0.091357153	0.051836147	0.071087108	0.072555945	0.072826954	0.074584692	0.077469167	0.072633582	0.071623978	0.071121134	0.071485502	0.072678389	0.074237489	0.075812397	0.077234723	0.078426954	0.079343842	0.079936419	0.080101227	0.079666912
151.94483	0	-0.07151817	-0.075269993	-0.075444572	-0.076854598	-0.082293685	-0.085532671	-0.079907554	-0.07680902	-0.080694884	-0.083007229	-0.085649551	-0.088378406	-0.090729396	-0.091972145	0.052130435	0.07162119	0.073223437	0.073499336	0.075264792	0.078170164	0.073343924	0.072329165	0.071820756	0.072181076	0.073373941	0.074937347	0.076519046	0.077948791	0.079147572	0.080069023	0.080663374	0.080826362	0.080385941
154.55172	0	-0.071957583	-0.075777608	-0.075966568	-0.077370566	-0.082822647	-0.086074957	-0.080441677	-0.077328736	-0.08121561	-0.083532308	-0.086179838	-0.088914263	-0.091270568	-0.092517397	0.052391424	0.072096704	0.073820687	0.074100944	0.075873379	0.078797755	0.07397983	0.07296038	0.072446937	0.072803618	0.073996515	0.07556389	0.0771518	0.078588317	0.079793086	0.080718724	0.081314732	0.081476122	0.081030224
157.15862	0	-0.072341189	-0.07621889	-0.0764205	-0.07781947	-0.083282859	-0.08654676	-0.080906363	-0.077780919	-0.081668759	-0.083989259	-0.086641342	-0.089380639	-0.091741596	-0.092991993	0.052619303	0.072512682	0.074345096	0.074629124	0.076407709	0.079348944	0.074538205	0.073514593	0.072996711	0.073350208	0.074543185	0.076114129	0.077707582	0.079150129	0.08036023	0.081289612	0.081887131	0.082047157	0.081596472
159.76552	0	-0.072668334	-0.076593309	-0.076805702	-0.078200632	-0.083673594	-0.086947294	-0.081300861	-0.078164871	-0.082053615	-0.084377349	-0.087033306	-0.089776753	-0.092141672	-0.093395107	0.052814012	0.072868063	0.074794155	0.075081333	0.076865168	0.079820894	0.075016144	0.073988958	0.073467287	0.073818086	0.075011183	0.076585242	0.07818349	0.079631236	0.080845937	0.081778561	0.082377414	0.082536317	0.082081586
162.37241	0	-0.072938254	-0.076900386	-0.07712161	-0.078513447	-0.083994215	-0.087275892	-0.081624525	-0.078479968	-0.082369537	-0.084695921	-0.087355056	-0.09010191	-0.092470085	-0.093726012	0.052975236	0.0731617	0.075165517	0.075455208	0.077243337	0.080211014	0.075411026	0.074380893	0.073856124	0.074204736	0.075397977	0.076974651	0.078576879	0.080028925	0.08124743	0.082182747	0.082782728	0.08294075	0.082482745
164.97931	0	-0.073150069	-0.077139702	-0.077367764	-0.078757388	-0.084244182	-0.087532005	-0.081876817	-0.078725677	-0.082615959	-0.084944403	-0.087606008	-0.090355514	-0.092726223	-0.093984089	0.053102407	0.073392368	0.075457057	0.075748626	0.077540065	0.080517034	0.075720589	0.07468817	0.074161014	0.074507958	0.075701354	0.077280099	0.078885445	0.080340843	0.081562312	0.082499735	0.083100617	0.083257992	0.082797495
167.58621	0	-0.073302788	-0.077310909	-0.077543813	-0.078932013	-0.084423063	-0.087715215	-0.08205732	-0.078901553	-0.082792402	-0.08512231	-0.087785673	-0.090537069	-0.092909585	-0.094168833	0.053194697	0.073558777	0.075666933	0.075959772	0.077753532	0.08073708	0.075943015	0.07490898	0.074380154	0.074725943	0.075919481	0.077499724	0.079107294	0.080565072	0.081788643	0.082727566	0.083329104	0.08348605	0.083023833
170.1931	0	-0.073395294	-0.077413744	-0.077649522	-0.079036967	-0.084530533	-0.087825238	-0.082165736	-0.079007249	-0.082898472	-0.085229252	-0.087893664	-0.090646189	-0.093019785	-0.094279856	0.053251022	0.073659589	0.075793635	0.076087183	0.077882299	0.080869729	0.076076984	0.075041999	0.074512199	0.074857324	0.076050967	0.077632114	0.079241007	0.080700193	0.081925006	0.082864819	0.083466755	0.083623466	0.083160262
172.8	0	-0.073426347	-0.077448042	-0.077684769	-0.079071988	-0.084566382	-0.087861925	-0.082201893	-0.079042514	-0.082933871	-0.08526494	-0.0879297	-0.090682598	-0.093056553	-0.094316897	0.053270042	0.073693424	0.075836025	0.076129796	0.077925353	0.080914056	0.076121723	0.075086426	0.07455631	0.074901222	0.076094905	0.077676353	0.079285684	0.080745331	0.081970552	0.082910658	0.083512728	0.083669367	0.083205847
