r(x_rel=0)	t=0	t=100	t=200	t=400	t=800	t=1000	t=1200	t=1400	t=1600	t=2000	t=2100	t=2200	t=2300	t=2400	t=2500	t=3600	t=3660	t=4000	t=4100	t=4200	t=4400	t=4800	t=4900	t=5000	t=5100	t=5200	t=5300	t=5400	t=5500	t=5600	t=5700	t=5800	t=5900	t=6000	t=6090
0	17038	17038.005	17040.35	17243.254	19409.443	21077.471	22932.54	24880.836	26862.185	30871.947	31892.689	32922.032	33958.502	34999.941	36044.157	47418.661	48029.345	50981.204	51319.502	51309.862	50483.992	47201.025	46242.579	45263.681	44275.392	43282.66	42287.113	41288.245	40284.764	39275.841	38261.894	37244.689	36226.832	35210.928	34299.793
0.18	17038	17038.008	17040.865	17256.452	19451.391	21125.774	22984.373	24934.141	26915.863	30926.843	31948.074	32977.853	34014.648	35056.288	36100.593	47473.689	48084.227	51008.55	51327.201	51299.714	50450.044	47149.734	46190.012	45210.452	44221.853	43228.966	42233.273	41234.188	40230.42	39221.196	38207.014	37189.704	36171.893	35156.164	34245.239
0.36	17038	17038.011	17041.424	17269.923	19493.446	21174.139	23036.239	24987.455	26969.543	30981.752	32003.472	33033.684	34070.801	35112.639	36157.031	47528.712	48139.099	51035.371	51334.366	51289.137	50415.874	47098.401	46137.422	45157.211	44168.309	43175.269	42179.427	41180.125	40176.068	39166.544	38152.128	37134.717	36116.958	35101.405	34190.691
0.54	17038	17038.016	17042.306	17289.363	19552.55	21241.986	23108.917	25062.114	27044.701	31058.653	32081.057	33111.869	34149.431	35191.537	36236.046	47605.735	48215.903	51071.798	51343.261	51273.42	50367.569	47026.444	46063.745	45082.651	44093.337	43100.086	42104.034	41104.42	40099.957	39090.014	38075.279	37057.734	36040.056	35024.756	34114.34
0.72	17038	17038.025	17043.669	17316.183	19631.349	21332.222	23205.442	25161.183	27144.409	31160.717	32184.024	33215.623	34253.76	35296.212	36340.865	47707.889	48317.753	51118.114	51353.059	51250.98	50302.67	46930.837	45965.925	44983.703	43993.867	43000.342	42004.004	41003.969	39998.962	38988.466	37973.318	36955.613	35938.057	34923.102	34013.081
0.9	17038	17038.042	17045.721	17351.533	19730.981	21445.967	23326.899	25285.704	27269.698	31289.034	32313.47	33346.042	34384.881	35427.748	36472.565	47836.207	48445.661	51173.085	51362.202	51220.282	50219.846	46810.472	45842.889	44859.32	43868.863	42875.001	41878.295	40877.717	39872.019	38860.834	37845.186	36827.305	35809.926	34795.421	33885.9
1.08	17038	17038.073	17048.764	17396.668	19852.226	21583.887	23473.854	25436.169	27421.045	31444.136	32469.927	33503.648	34543.305	35586.644	36631.637	47991.145	48600.058	51234.689	51368.624	51179.582	50117.954	46664.75	45694.097	44709.002	43717.846	42723.586	41726.42	40725.165	39718.623	38706.616	37690.393	36672.337	35655.206	34641.264	33732.349
1.26	17038	17038.128	17053.231	17453.034	19995.774	21746.498	23646.683	25612.86	27598.713	31626.348	32653.714	33688.75	34729.324	35773.177	36818.347	48172.932	48781.138	51300.284	51369.827	51126.886	49995.847	46493.253	45519.211	44532.456	43540.544	42545.829	41548.101	40546.023	39538.477	38525.521	37508.663	36490.454	35473.662	34460.411	33552.206
1.44	17038	17038.229	17059.74	17522.293	20162.31	21934.267	23845.682	25815.961	27802.871	31835.903	32865.058	33901.556	34943.126	35987.519	37032.851	48381.691	48988.969	51366.653	51362.922	51059.961	49852.315	46295.64	45317.979	44329.489	43336.788	42341.557	41343.152	40340.091	39331.379	38317.356	37299.825	36281.511	35265.171	34252.748	33345.357
1.62	17038	17038.412	17069.152	17606.313	20352.539	22147.646	24071.104	26045.603	28033.639	32072.996	33104.139	34142.224	35184.848	36229.786	37275.251	48617.487	49223.532	51430.034	51344.683	50976.37	49686.079	46071.611	45090.201	44099.957	43106.457	42110.648	41111.435	40107.217	39097.173	38081.979	37063.763	36045.421	35029.669	34018.221	33111.744
1.8	17038	17038.744	17082.654	17707.162	20567.197	22387.088	24323.178	26301.883	28291.111	32337.798	33371.113	34410.885	35454.594	36500.06	37545.612	48880.343	49484.726	51486.147	51311.597	50873.507	49495.799	45820.891	44835.706	43843.749	42849.462	41853.004	40852.831	39847.267	38835.727	37819.277	36800.395	35782.135	34767.131	33756.818	32851.344
1.98	17038	17039.345	17101.852	17827.07	20807.053	22653.05	24602.112	26584.878	28575.37	32630.472	33666.121	34707.651	35752.446	36798.401	37843.976	49170.26	49772.361	51530.24	51259.93	50748.643	49280.097	45543.224	44554.349	43560.78	42565.729	41568.539	40567.233	39560.119	38546.923	37529.155	36509.663	35491.633	34477.565	33468.551	32564.155
2.16	17038	17040.43	17128.872	17968.392	21072.902	22945.989	24908.099	26894.643	28886.497	32951.18	33989.297	35032.62	36078.472	37124.85	38170.369	49487.218	50086.123	51557.151	51185.792	50598.978	49037.575	45238.378	44246.007	43250.978	42255.199	41257.174	40254.534	39245.653	38230.647	37211.534	36191.532	35173.918	34160.996	33153.451	32250.188
2.34	17038	17042.373	17166.474	18133.556	21365.561	23266.359	25241.307	27231.222	29224.575	33300.08	34340.766	35385.88	36432.726	37479.438	38524.801	49831.181	50425.526	51561.401	51085.218	50421.691	48766.844	44906.146	43910.58	42914.29	41917.817	40918.825	39914.623	38903.744	37886.795	36866.346	35845.981	34829.014	33817.475	32811.564	31909.462
2.52	17038	17045.819	17218.148	18325.002	21685.857	23614.603	25601.883	27594.644	29589.696	33677.335	34720.649	35767.51	36815.251	37862.181	38907.273	50202.098	50789.822	51537.303	50954.241	50213.99	48466.551	44546.352	43547.989	42550.676	41553.529	40553.406	39547.38	38534.267	37515.262	36493.536	35473.011	34456.964	33447.064	32442.948	31541.995
2.7	17038	17051.857	17288.197	18545.119	22034.616	23991.143	25989.941	27984.927	29981.966	34083.103	35129.058	36177.574	37226.077	38273.084	39317.773	50599.894	51177.874	51479.105	50788.976	49973.169	48135.4	44158.858	43158.185	42160.107	41162.283	40160.818	39152.676	38137.091	37115.952	36093.064	35072.643	34057.835	33049.848	32047.667	31147.801
2.88	17038	17062.282	17381.763	18796.183	22412.658	24396.371	26405.565	28402.081	30401.511	34517.543	35566.097	36616.129	37665.223	38712.141	39756.277	51024.467	51587.946	51381.138	50585.697	49696.652	47772.184	43743.564	42741.144	41742.563	40744.018	39740.952	38730.368	37712.078	36688.774	35664.909	34644.921	33631.712	32625.921	31625.791	30726.885
3.06	17038	17079.968	17504.789	19080.293	22820.776	24830.639	26848.796	28846.108	30848.481	34980.807	36031.857	37083.213	38132.692	39179.332	40222.754	51475.66	52017.391	51237.979	50340.912	49382.047	47375.808	43300.422	42296.869	41298.034	40298.666	39293.677	38280.298	37259.09	36233.647	35209.069	34189.912	33178.703	32175.394	31177.388	30279.233
3.24	17038	17109.359	17663.881	19399.333	23259.73	25294.248	27319.634	29317.012	31323.054	35473.039	36526.414	37578.851	38628.475	39674.629	40717.16	51953.213	52462.178	51044.604	50051.426	49027.191	46945.31	42829.429	41825.391	40826.509	39826.142	38818.847	37802.295	36777.984	35750.507	34725.568	33707.714	32698.94	31698.387	30702.524	29804.805
3.42	17038	17157.051	17866.055	19754.939	23730.23	25787.435	27818.031	29814.799	31825.447	35994.37	37049.826	38103.051	39152.547	40197.987	41239.443	52456.668	52916.188	50796.526	49714.408	48630.19	46479.885	42330.64	41326.765	40327.977	39326.344	38316.287	37296.171	36268.622	35239.308	34214.461	33198.452	32192.574	31195.03	30201.253	29303.526
3.6	17038	17232.373	18118.354	20148.499	24232.922	26310.361	28343.89	30339.487	32355.916	36544.915	37602.133	38655.799	39704.867	40749.351	41789.538	52985.178	53370.178	50489.899	49327.441	48189.457	45978.898	41804.159	40801.065	39802.416	38799.14	37785.799	36761.724	35730.874	34700.031	33675.838	32662.285	31659.78	30665.457	29673.612	28775.274
3.78	17038	17347.813	18427.337	20581.165	24768.376	26863.103	28897.065	30891.114	32914.766	37124.762	38183.346	39237.062	40285.377	41328.654	42367.372	53537.13	53810.31	50121.597	48888.568	47703.74	45441.907	41250.144	40248.382	39249.788	38244.368	37227.154	36198.745	35164.623	34132.692	33109.829	32099.406	31100.751	30109.802	29119.613	28219.863
3.96	17038	17519.059	18798.479	21053.894	25337.065	27445.637	29477.364	31469.75	33502.354	37733.975	38793.451	39846.784	40894.004	41935.812	42972.86	54109.411	54216.13	49689.257	48396.329	47172.152	44868.667	40668.804	39668.811	38670.028	37661.827	36640.094	35607.014	34569.772	33537.346	32516.611	31510.046	30515.698	29528.19	28539.232	27637.026
4.14	17038	17764.51	19235.536	21567.503	25939.355	28057.831	30084.549	32075.507	34119.095	38372.58	39432.402	40484.885	41530.656	42570.734	43605.908	54695.982	54557.964	49191.3	47849.792	46594.185	44259.145	40060.385	39062.442	38063.03	37051.27	36024.329	34986.315	33946.262	32914.103	31896.411	30894.467	29904.842	28920.736	27932.397	27026.394
4.32	17038	18104.246	19739.984	22122.724	26575.485	28699.432	30718.348	32708.554	34765.465	39040.567	40100.122	41151.261	42195.223	43233.312	44266.409	55285.092	54793.971	48626.945	47248.569	45969.717	43613.525	39425.168	38429.348	37428.641	36412.4	35379.543	34336.437	33294.071	32263.132	31249.51	30252.969	29268.414	28287.529	27298.969	26387.464
4.5	17038	18558.549	20310.686	22720.262	27245.555	29370.063	31378.467	33369.132	35442.002	39737.88	40796.498	41845.785	42887.581	43923.43	44954.251	55853.866	54867.726	47996.209	46592.823	45299.018	42932.21	38763.45	37769.563	36766.643	35744.865	34705.396	33657.194	32613.241	31584.67	30576.247	29585.88	28606.642	27628.62	26638.732	25719.57
4.68	17038	19145.906	20943.914	23360.832	27949.501	30069.209	32064.607	34057.569	36149.303	40464.417	41521.382	42568.305	43607.589	44640.958	45669.307	56357.752	54708.817	47299.901	45883.263	44582.737	42215.826	38075.529	37083.069	36076.742	35048.256	34001.53	32948.431	31903.883	30879.035	29877.018	28893.554	27919.742	26944.013	25951.36	25021.834
4.86	17038	19879.853	21633.795	24045.174	28687.087	30796.226	32776.486	34774.297	36888.018	41220.026	42274.588	43318.649	44355.092	45385.759	46411.441	56709.958	54242.415	46539.592	45121.132	43821.894	41465.216	37361.678	36369.767	35358.56	34322.104	33267.58	32210.048	31166.198	30146.632	29152.28	28176.364	27207.91	26233.644	25236.398	24293.122
5.04	17038	20763.903	22373.098	24774.039	29457.887	31550.339	33513.883	35519.866	37658.833	42004.505	43055.9	44096.624	45129.924	46157.685	47180.509	56741.279	53421.307	45717.566	44308.176	43017.848	40681.442	36622.12	35629.454	34611.622	33565.89	32503.197	31442.02	30400.492	29387.957	28402.537	27434.687	26471.297	25497.357	24493.214	23531.974
5.22	17038	21784.297	23153.927	25547.915	30261.075	32330.486	34276.508	36294.773	38462.237	42817.41	43864.88	44901.833	45931.722	46956.396	47976.168	56124.642	52309.77	44837.02	43446.844	42172.499	39865.975	35857.167	34861.976	33835.549	32779.245	31708.26	30644.616	29607.378	28603.775	27628.511	26669.058	25710.167	24735.053	23721.134	22736.753
