r(x_rel=0.25)	t=0	t=100	t=200	t=400	t=800	t=1000	t=1200	t=1400	t=1600	t=2000	t=2100	t=2200	t=2300	t=2400	t=2500	t=3600	t=3660	t=4000	t=4100	t=4200	t=4400	t=4800	t=4900	t=5000	t=5100	t=5200	t=5300	t=5400	t=5500	t=5600	t=5700	t=5800	t=5900	t=6000	t=6090
0	29866	29747.975	29207.995	27924.378	25356.143	23998.178	22449.399	20794.22	19327.394	16606.183	15880.725	15116.341	14301.213	13426.605	12493.872	2391.3963	2018.5522	3798.1995	4509.7871	5174.8794	6482.6387	9328.7909	10002.391	10642.75	11255.928	11852.757	12445.677	13047.44	13667.976	14313.612	14988.718	15697.187	16443.037	17229.141	17966.238
0.20206897	29866	29744.782	29202.83	27919.053	25350.794	23992.279	22442.535	20787.634	19321.774	16600.34	15874.604	15109.847	14294.253	13419.13	12485.957	2384.1112	2015.1022	3804.2792	4515.445	5180.2036	6488.2066	9334.5071	10007.807	10647.898	11260.894	11857.636	12450.58	13052.466	13673.189	14319.053	14994.418	15703.179	16449.354	17235.796	17973.103
0.40413793	29866	29741.568	29197.663	27913.728	25345.443	23986.379	22435.669	20781.05	19316.155	16594.496	15868.482	15103.351	14287.292	13411.653	12478.041	2376.8369	2011.692	3810.3576	4521.101	5185.527	6493.7759	9340.222	10013.221	10653.045	11265.859	11862.516	12455.484	13057.493	13678.403	14324.495	15000.12	15709.172	16455.673	17242.452	17979.968
0.6062069	29866	29737.025	29190.425	27906.274	25337.952	23978.114	22426.053	20771.84	19308.29	16586.312	15859.908	15094.253	14277.541	13401.181	12466.955	2366.6765	2007.0029	3818.8645	4529.0152	5192.9782	6501.5761	9348.22	10020.799	10660.249	11272.81	11869.346	12462.349	13064.531	13685.705	14332.116	15008.104	15717.565	16464.522	17251.774	17989.58
0.80827586	29866	29730.922	29180.817	27896.386	25328.014	23967.144	22413.291	20759.632	19297.861	16575.452	15848.529	15082.177	14264.599	13387.28	12452.244	2353.2407	2000.9348	3830.1441	4539.5062	5202.8593	6511.9287	9358.8246	10030.847	10669.801	11282.027	11878.407	12471.457	13073.871	13695.395	14342.229	15018.7	15728.703	16476.266	17264.145	18002.334
1.0103448	29866	29723.135	29168.736	27883.965	25315.524	23953.35	22397.245	20744.31	19284.764	16561.802	15834.224	15066.995	14248.326	13369.803	12433.751	2336.4291	1993.5558	3844.3078	4552.6755	5215.2695	6524.9446	9372.1405	10043.463	10681.798	11293.605	11889.79	12482.902	13085.609	13707.574	14354.941	15032.019	15742.706	16491.03	17279.696	18018.361
1.2124138	29866	29713.556	29154.13	27868.964	25300.434	23936.673	22377.85	20725.828	19268.952	16545.308	15816.935	15048.642	14228.652	13348.675	12411.404	2316.2295	1985.0091	3861.4025	4568.564	5230.2517	6540.678	9388.2115	10058.689	10696.279	11307.584	11903.538	12496.729	13099.792	13722.291	14370.304	15048.116	15759.629	16508.874	17298.491	18037.723
1.4144828	29866	29702.081	29136.967	27851.361	25282.718	23917.078	22355.065	20704.17	19250.406	16525.936	15796.626	15027.08	14205.535	13323.851	12385.158	2292.673	1975.4925	3881.4496	4587.1883	5247.8271	6559.1622	9407.0578	10076.544	10713.263	11323.984	11919.672	12512.962	13116.447	13739.576	14388.347	15067.024	15779.507	16529.836	17320.567	18060.454
1.6165517	29866	29688.597	29117.223	27831.141	25262.357	23894.536	22328.861	20679.333	19229.113	16503.665	15773.272	15002.28	14178.944	13295.297	12354.982	2265.8205	1965.2546	3904.4577	4608.5528	5268.0066	6580.4215	9428.6874	10097.036	10732.761	11342.816	11938.205	12531.617	13135.593	13759.448	14409.093	15088.764	15802.365	16553.94	17345.951	18086.578
1.8186207	29866	29672.988	29094.881	27808.296	25239.338	23869.024	22299.213	20651.326	19205.069	16478.478	15746.853	14974.218	14148.85	13262.985	12320.853	2235.7592	1954.5941	3930.4278	4632.6545	5290.7956	6604.476	9453.1017	10120.166	10754.775	11364.085	11959.145	12552.706	13157.243	13781.922	14432.557	15113.355	15828.222	16581.208	17374.663	18116.109
2.0206897	29866	29655.132	29069.923	27782.821	25213.65	23840.521	22266.102	20620.161	19178.274	16450.36	15717.35	14942.872	14115.229	13226.89	12282.751	2202.6029	1943.862	3959.3561	4659.4858	5316.196	6631.3438	9480.2973	10145.931	10779.304	11387.794	11982.499	12576.236	13181.408	13807.012	14458.755	15140.812	15857.096	16611.659	17406.724	18149.059
2.2227586	29866	29634.907	29042.333	27754.713	25185.285	23809.005	22229.506	20585.857	19148.728	16419.298	15684.746	14908.221	14078.056	13186.986	12240.658	2166.4943	1933.4637	3991.2344	4689.0351	5344.2078	6661.0428	9510.2678	10174.326	10806.346	11413.943	12008.269	12602.217	13208.1	13834.73	14487.701	15171.151	15889.002	16645.311	17442.149	18185.437
2.4248276	29866	29612.189	29012.098	27723.97	25154.234	23774.454	22189.408	20548.438	19116.434	16385.276	15649.024	14870.244	14037.307	13143.249	12194.557	2127.61	1923.8622	4026.0516	4721.2885	5374.8299	6693.5906	9543.0043	10205.341	10835.895	11442.529	12036.458	12630.655	13237.328	13865.087	14519.406	15204.387	15923.958	16682.182	17480.957	18225.251
2.6268966	29866	29586.858	28979.204	27690.592	25120.488	23736.844	22145.789	20507.931	19081.396	16348.283	15610.166	14828.918	13992.956	13095.654	12144.431	2086.1654	1915.581	4063.7934	4756.2292	5408.0604	6729.0055	9578.4955	10238.967	10867.946	11473.55	12067.069	12661.556	13269.103	13898.097	14553.886	15240.534	15961.979	16722.289	17523.163	18268.507
2.8289655	29866	29558.798	28943.638	27654.578	25084.038	23696.153	22098.628	20464.366	19043.618	16308.304	15568.154	14784.221	13944.976	13044.173	12090.265	2042.4237	1909.2062	4104.4424	4793.8388	5443.8971	6767.3066	9616.7283	10275.193	10902.491	11507.003	12100.102	12694.929	13303.434	13933.771	14591.153	15279.608	16003.083	16765.651	17568.785	18315.21
3.0310345	29866	29527.899	28905.389	27615.928	25044.876	23652.353	22047.909	20417.778	19003.106	16265.325	15522.967	14736.127	13893.338	12988.779	12032.043	1996.7056	1905.3877	4147.9784	4834.097	5482.338	6808.5138	9657.688	10314.005	10939.521	11542.884	12135.559	12730.78	13340.333	13972.121	14631.221	15321.624	16047.287	16812.288	17617.84	18365.363
3.2331034	29866	29494.06	28864.446	27574.644	25002.991	23605.416	21993.611	20368.204	18959.863	16219.329	15474.585	14684.611	13838.012	12929.443	11969.748	1949.4027	1904.8391	4194.3779	4876.9823	5523.3814	6852.6482	9701.3583	10355.39	10979.027	11581.188	12173.442	12769.115	13379.809	14013.162	14674.107	15366.599	16094.611	16862.22	17670.347	18418.97
3.4351724	29866	29457.186	28820.799	27530.727	24958.374	23555.314	21935.717	20315.685	18913.896	16170.301	15422.987	14629.645	13778.967	12866.135	11903.367	1900.9945	1908.3338	4243.6144	4922.4719	5567.0263	6899.7319	9747.7212	10399.332	11020.998	11621.91	12213.753	12809.944	13421.876	14056.907	14719.826	15414.552	16145.074	16915.469	17726.325	18476.031
3.6372414	29866	29417.191	28774.44	27484.178	24911.013	23502.013	21874.21	20260.265	18865.209	16118.224	15368.148	14571.199	13716.167	12798.824	11832.883	1852.0712	1916.6978	4295.6578	4970.542	5613.2725	6949.7882	9796.7574	10445.815	11065.425	11665.044	12256.492	12853.274	13466.545	14103.37	14768.394	15465.5	16198.697	16972.057	17785.793	18536.545
3.8393103	29866	29373.997	28725.361	27434.997	24860.897	23445.481	21809.072	20201.99	18813.806	16063.077	15310.044	14509.242	13649.578	12727.477	11758.283	1803.362	1930.796	4350.475	5021.1683	5662.1211	7002.8415	9848.4463	10494.822	11112.295	11710.586	12301.662	12899.115	13513.829	14152.568	14819.829	15519.463	16255.502	17032.009	17848.771	18600.51
4.0413793	29866	29327.535	28673.557	27383.188	24808.012	23385.681	21740.288	20140.909	18759.691	16004.843	15248.649	14443.742	13579.161	12652.059	11679.553	1755.7724	1951.5095	4408.0291	5074.326	5713.5744	7058.9174	9902.7658	10546.335	11161.598	11758.528	12349.267	12947.475	13563.742	14204.516	14874.15	15576.463	16315.513	17095.349	17915.279	18667.92
4.2434483	29866	29277.743	28619.024	27328.751	24752.344	23322.573	21667.844	20077.074	18702.868	15943.499	15183.934	14374.662	13504.878	12572.536	11596.682	1710.4337	1979.7012	4468.2799	5129.9903	5767.6364	7118.0425	9959.6927	10600.335	11213.32	11808.867	12399.308	12998.366	13616.298	14259.232	14931.375	15636.52	16378.752	17162.105	17985.339	18738.769
4.4455172	29866	29224.571	28561.759	27271.688	24693.876	23256.117	21591.729	20010.538	18643.338	15879.024	15115.869	14301.965	13426.684	12488.872	11509.658	1668.7654	2016.1639	4531.1838	5188.1366	5824.3132	7180.2445	10019.202	10656.803	11267.45	11861.595	12451.79	13051.799	13671.513	14316.734	14991.526	15699.658	16445.248	17232.304	18058.97	18813.046
4.6475862	29866	29167.977	28501.76	27212.001	24632.592	23186.268	21511.934	19941.356	18581.104	15811.392	15044.423	14225.612	13344.538	12401.029	11418.471	1632.5576	2061.5452	4596.6938	5248.7405	5883.6128	7245.552	10081.269	10715.719	11323.975	11916.707	12506.717	13107.785	13729.404	14377.041	15054.624	15765.901	16515.026	17305.975	18136.195	18890.737
4.8496552	29866	29107.933	28439.029	27149.692	24568.473	23112.98	21428.456	19869.583	18516.168	15740.579	14969.562	14145.561	13258.392	12308.969	11323.115	1604.0777	2116.2408	4664.76	5311.7791	5945.5456	7313.9943	10145.867	10777.064	11382.882	11974.198	12564.095	13166.339	13789.987	14440.173	15120.692	15835.275	16588.115	17383.148	18217.034	18971.824
5.0517241	29866	29044.425	28373.567	27084.762	24501.498	23036.203	21341.294	19795.276	18448.529	15666.557	14891.249	14061.767	13168.198	12212.655	11223.586	1586.2081	2180.2448	4735.3298	5377.2301	6010.1248	7385.6014	10212.967	10840.815	11444.158	12034.064	12623.929	13227.473	13853.28	14506.152	15189.753	15907.805	16664.545	17463.856	18301.507	19056.284
5.2537931	29866	28977.453	28305.379	27017.214	24431.645	22955.886	21250.455	19718.488	18378.188	15589.298	14809.448	13974.185	13073.906	12112.046	11119.879	1582.6249	2252.9419	4808.3484	5445.0734	6077.3663	7460.4038	10282.541	10906.953	11507.789	12096.299	12686.228	13291.204	13919.304	14574.999	15261.832	15983.521	16744.347	17548.131	18389.636	19144.09
5.4558621	29866	28907.033	28234.47	26947.048	24358.888	22871.973	21155.954	19639.275	18305.144	15508.77	14724.118	13882.766	12975.463	12007.106	11011.998	1598.0275	2332.8229	4883.7594	5515.2907	6147.289	7538.4322	10354.56	10975.456	11573.763	12160.899	12751	13357.546	13988.078	14646.738	15336.955	16062.45	16827.555	17636.007	18481.437	19235.21
5.657931	29866	28833.198	28160.847	26874.267	24283.2	22784.405	21057.812	19557.686	18229.395	15424.941	14635.216	13787.457	12872.815	11897.795	10899.946	1638.4356	2417.098	4961.5056	5587.8665	6219.9152	7619.7171	10428.994	11046.304	11642.067	12227.862	12818.253	13426.518	14059.623	14721.393	15415.15	16144.625	16914.202	17727.521	18576.929	19329.603
5.86	29866	28756.012	28084.536	26798.889	24204.571	22693.145	20956.087	19473.786	18150.958	15337.798	14542.721	13688.23	12765.932	11784.104	10783.762	1711.4595	2501.1771	5041.5125	5662.7716	6295.2526	7704.2684	10505.794	11119.457	11712.67	12297.168	12887.983	13498.119	14133.944	14798.971	15496.426	16230.056	17004.303	17822.685	18676.101	19427.203
