r(x_rel=0.5)	t=0	t=100	t=200	t=400	t=800	t=1000	t=1200	t=1400	t=1600	t=2000	t=2100	t=2200	t=2300	t=2400	t=2500	t=3600	t=3660	t=4000	t=4100	t=4200	t=4400	t=4800	t=4900	t=5000	t=5100	t=5200	t=5300	t=5400	t=5500	t=5600	t=5700	t=5800	t=5900	t=6000	t=6090
0	29866	29739.122	29144.872	27697.133	24761.615	23203.002	21523.461	19964.925	18512.504	15475.908	14664.8	13821.465	12947.658	12059.413	11184.938	2277.7487	1962.8046	3899.0152	4651.5402	5377.7041	6854.112	9891.61	10601.957	11293.756	11975.013	12654.374	13343.203	14054.83	14800.096	15585.569	16414.633	17285.403	18177.917	19040.059	19743.336
0.20206897	29866	29735.671	29139.114	27691.081	24755.473	23196.253	21516.543	19958.914	18506.481	15469.347	14657.984	13814.366	12940.342	12052.079	11177.849	2271.6483	1959.9603	3905.3699	4657.5996	5383.6304	6860.404	9897.5576	10607.723	11299.402	11980.605	12659.991	13348.953	14060.823	14806.402	15592.226	16421.658	17292.745	18185.291	19046.897	19749.393
0.40413793	29866	29732.197	29133.353	27685.029	24749.329	23189.501	21509.625	19952.904	18500.458	15462.784	14651.167	13807.266	12933.024	12044.745	11170.76	2265.5544	1957.1509	3911.7232	4663.6579	5389.5567	6866.6971	9903.5043	10613.488	11305.048	11986.198	12665.608	13354.704	14066.817	14812.709	15598.885	16428.684	17300.089	18192.665	19053.732	19755.446
0.6062069	29866	29727.285	29125.282	27676.556	24740.727	23180.046	21499.945	19944.493	18492.023	15453.595	14641.62	13797.323	12922.779	12034.478	11160.84	2257.0366	1953.2929	3920.6153	4672.1372	5397.8535	6875.5096	9911.8277	10621.558	11312.951	11994.027	12673.472	13362.757	14075.211	14821.542	15608.21	16438.525	17310.372	18202.986	19063.294	19763.912
0.80827586	29866	29720.685	29114.567	27665.318	24729.314	23167.495	21487.11	19933.34	18480.833	15441.401	14628.952	13784.129	12909.185	12020.861	11147.686	2245.7623	1948.3097	3932.4061	4683.3813	5408.8595	6887.2035	9922.8654	10632.26	11323.433	12004.412	12683.905	13373.443	14086.35	14833.264	15620.586	16451.584	17324.016	18216.674	19075.964	19775.129
1.0103448	29866	29712.26	29101.09	27651.198	24714.971	23151.717	21470.994	19919.333	18466.769	15426.075	14613.028	13767.545	12892.102	12003.756	11131.169	2231.6374	1942.2665	3947.2127	4697.502	5422.6876	6901.9022	9936.7279	10645.703	11336.601	12017.46	12697.015	13386.873	14100.353	14848.001	15636.144	16468.001	17341.166	18233.867	19091.862	19789.2
1.2124138	29866	29701.893	29084.793	27634.146	24697.643	23132.643	21451.545	19902.424	18449.778	15407.557	14593.785	13747.505	12871.464	11983.101	11111.233	2214.6386	1935.2936	3965.085	4714.5475	5439.3894	6919.6643	9953.4628	10661.934	11352.502	12033.218	12712.852	13403.101	14117.276	14865.812	15654.949	16487.843	17361.889	18254.624	19111.032	19806.162
1.4144828	29866	29689.466	29065.636	27614.134	24677.297	23110.234	21428.74	19882.591	18429.828	15385.809	14571.185	13723.97	12847.234	11958.864	11087.853	2194.7749	1927.5716	3986.0462	4734.5407	5458.9927	6940.5243	9973.0933	10680.976	11371.161	12051.712	12731.443	13422.158	14137.154	14886.734	15677.038	16511.15	17386.224	18278.974	19133.487	19826.024
1.6165517	29866	29674.854	29043.591	27591.146	24653.913	23084.46	21402.569	19859.822	18406.899	15360.81	14545.202	13696.913	12819.388	11931.029	11061.019	2172.0766	1919.3283	4010.1069	4757.4924	5481.5148	6964.5057	9995.6308	10702.841	11392.592	12072.958	12752.807	13444.065	14160.01	14910.792	15702.44	16537.951	17414.198	18306.933	19159.224	19848.782
1.8186207	29866	29657.927	29018.635	27565.172	24627.475	23055.298	21373.035	19834.113	18380.976	15332.539	14515.816	13666.314	12787.91	11899.587	11030.728	2146.5915	1910.8401	4037.27	4783.4065	5506.967	6991.6267	10021.08	10727.537	11416.802	12096.965	12776.956	13468.839	14185.863	14938.009	15731.176	16568.269	17445.831	18338.506	19188.232	19874.423
2.0206897	29866	29638.548	28990.744	27536.204	24597.972	23022.723	21340.143	19805.462	18352.048	15300.983	14483.009	13632.155	12752.785	11864.533	10996.984	2118.3858	1902.4346	4067.5338	4812.2826	5535.3581	7021.9026	10049.441	10755.066	11443.796	12123.739	12803.899	13496.492	14214.73	14968.402	15763.268	16602.124	17481.139	18373.693	19220.49	19902.927
2.2227586	29866	29616.577	28959.898	27504.24	24565.391	22986.715	21303.906	19773.87	18320.103	15266.125	14446.764	13594.42	12714.003	11825.866	10959.795	2087.546	1894.4948	4100.8932	4844.1175	5566.695	7055.3472	10080.713	10785.427	11473.577	12153.285	12833.644	13527.038	14246.628	15001.99	15798.733	16639.536	17520.137	18412.489	19255.97	19934.268
2.4248276	29866	29591.874	28926.078	27469.276	24529.723	22947.252	21264.338	19739.34	18285.133	15227.953	14407.067	13553.094	12671.556	11783.589	10919.17	2054.1835	1887.463	4137.3402	4878.9059	5600.9839	7091.9737	10114.889	10818.619	11506.145	12185.607	12866.2	13560.489	14281.571	15038.789	15837.59	16680.523	17562.839	18454.886	19294.641	19968.419
2.6268966	29866	29564.299	28889.263	27431.31	24490.956	22904.312	21221.462	19701.876	18247.13	15186.454	14363.9	13508.162	12625.434	11737.705	10875.125	2018.4411	1881.8449	4176.8645	4916.6407	5638.2306	7131.7946	10151.966	10854.639	11541.5	12220.707	12901.572	13596.857	14319.575	15078.817	15879.859	16725.104	17609.257	18500.873	19336.465	20005.346
2.8289655	29866	29533.718	28849.436	27390.341	24449.081	22857.871	21175.299	19661.48	18206.084	15141.612	14317.249	13459.609	12575.63	11688.222	10827.674	1980.5015	1878.213	4219.454	4957.3139	5678.4414	7174.8224	10191.934	10893.482	11579.641	12258.586	12939.767	13636.155	14360.658	15122.094	15925.559	16773.3	17659.403	18550.435	19381.401	20045.016
3.0310345	29866	29499.999	28806.578	27346.368	24404.086	22807.905	21125.878	19618.156	18161.988	15093.415	14267.095	13407.419	12522.138	11635.146	10776.836	1940.599	1877.2093	4265.0941	5000.9163	5721.6229	7221.0696	10234.787	10935.143	11620.566	12299.246	12980.793	13678.395	14404.835	15168.638	15974.712	16825.131	17713.29	18603.553	19429.401	20087.391
3.2331034	29866	29463.019	28760.674	27299.392	24355.96	22754.388	21073.232	19571.907	18114.833	15041.845	14213.422	13351.577	12464.951	11578.489	10722.632	1899.0346	1879.5461	4313.7688	5047.4383	5767.7826	7270.5486	10280.514	10979.617	11664.273	12342.689	13024.657	13723.593	14452.126	15218.47	16027.338	16880.618	17770.93	18660.203	19480.414	20132.432
3.4351724	29866	29422.665	28711.707	27249.412	24304.689	22697.294	21017.395	19522.736	18064.612	14986.889	14156.211	13292.065	12404.064	11518.261	10665.083	1856.1957	1886.0032	4365.4597	5096.8696	5816.9288	7323.2718	10329.106	11026.898	11710.76	12388.916	13071.368	13771.763	14502.549	15271.611	16083.461	16939.784	17832.332	18720.361	19534.382	20180.098
3.6372414	29866	29378.827	28659.664	27196.428	24250.261	22636.593	20958.408	19470.642	18011.316	14928.528	14095.442	13228.868	12339.473	11454.478	10604.215	1812.5812	1897.4219	4420.1468	5149.2001	5869.0712	7379.2513	10380.552	11076.979	11760.024	12437.929	13120.932	13822.92	14556.125	15328.084	16143.104	17002.65	17897.508	18783.994	19591.246	20230.348
3.8393103	29866	29331.406	28604.532	27140.441	24192.661	22572.257	20896.317	19415.626	17954.938	14866.746	14031.095	13161.968	12271.173	11387.156	10540.054	1768.8346	1914.6912	4477.8082	5204.4193	5924.2211	7438.4992	10434.839	11129.853	11812.061	12489.728	13173.36	13877.082	14612.875	15387.913	16206.294	17069.243	17966.468	18851.066	19650.938	20283.139
4.0413793	29866	29280.311	28546.301	27081.451	24131.871	22504.255	20831.17	19357.686	17895.468	14801.523	13963.149	13091.348	12199.161	11316.313	10472.629	1725.7846	1938.7265	4538.4199	5262.5172	5982.391	7501.0272	10491.957	11185.513	11866.87	12544.315	13228.663	13934.267	14672.821	15451.122	16273.056	17139.587	18039.221	18921.536	19713.389	20338.429
4.2434483	29866	29225.46	28484.96	27019.458	24067.876	22432.555	20763.022	19296.818	17832.899	14732.838	13891.581	13016.99	12123.436	11241.97	10401.969	1684.4988	1970.4346	4601.9565	5323.4844	6043.5957	7566.8465	10551.892	11243.951	11924.446	12601.693	13286.85	13994.494	14735.987	15517.738	16343.418	17213.708	18115.774	18995.356	19778.524	20396.176
4.4455172	29866	29166.78	28420.503	26954.463	24000.655	22357.124	20691.932	19233.016	17767.223	14660.672	13816.367	12938.874	12043.998	11164.151	10328.106	1646.3503	2010.6628	4668.3907	5387.312	6107.8516	7635.9674	10614.632	11305.159	11984.788	12661.864	13347.935	14057.784	14802.399	15587.789	16417.41	17291.634	18196.134	19072.473	19846.263	20456.339
4.6475862	29866	29104.211	28352.924	26886.466	23930.187	22277.928	20617.963	19166.273	17698.431	14585.001	13737.483	12856.984	11960.848	11082.882	10251.076	1613.1037	2060.123	4737.6938	5453.9924	6175.1775	7708.3996	10680.162	11369.13	12047.891	12724.83	13411.931	14124.159	14872.082	15661.304	16495.063	17373.393	18280.305	19152.824	19916.525	20518.879
4.8496552	29866	29037.706	28282.22	26815.468	23856.45	22194.934	20541.185	19096.578	17626.516	14505.802	13654.904	12771.3	11873.987	10998.193	10170.912	1587.0232	2119.2867	4809.8358	5523.5194	6245.5946	7784.1516	10748.471	11435.856	12113.752	12790.596	13478.852	14193.642	14945.066	15738.313	16576.408	17459.013	18368.288	19236.341	19989.223	20583.757
5.0517241	29866	28967.233	28208.39	26741.469	23779.418	22108.107	20461.668	19023.919	17551.469	14423.05	13568.601	12681.804	11783.423	10910.116	10087.653	1571.0114	2188.2353	4884.7859	5595.8883	6319.1264	7863.2304	10819.543	11505.329	12182.37	12859.164	13548.716	14266.259	15021.379	15818.849	16661.479	17548.525	18460.084	19322.946	20064.267	20650.94
5.2537931	29866	28892.778	28131.434	26664.47	23699.063	22017.413	20379.49	18948.282	17473.282	14336.719	13478.547	12588.477	11689.16	10818.686	10001.335	1568.7848	2266.4556	4962.5123	5671.0967	6395.7991	7945.6412	10893.365	11577.541	12253.741	12930.539	13621.538	14342.036	15101.051	15902.945	16750.31	17641.959	18555.686	19412.555	20141.568	20720.396
5.4558621	29866	28814.344	28051.355	26584.47	23615.356	21922.821	20294.728	18869.652	17391.947	14246.78	13384.713	12491.302	11591.211	10723.943	9911.9984	1585.0994	2352.5592	5042.9829	5749.1446	6475.6413	8031.3874	10969.922	11652.485	12327.862	13004.728	13697.34	14421.001	15184.116	15990.636	16842.939	17739.345	18655.087	19505.072	20221.032	20792.097
5.657931	29866	28731.952	27968.158	26501.47	23528.263	21824.298	20207.463	18788.01	17307.455	14153.204	13287.07	12390.262	11489.587	10625.927	9819.6824	1626.0378	2443.9016	5126.1658	5830.035	6558.6847	8120.4697	11049.201	11730.153	12404.733	13081.737	13776.142	14503.183	15270.607	16081.958	16939.403	17840.715	18758.27	19600.392	20302.569	20866.017
5.86	29866	28645.665	27881.869	26415.491	23437.771	21721.842	20117.792	18703.359	17219.821	14055.985	13185.611	12285.365	11384.33	10524.708	9724.4478	1699.2712	2536.067	5212.0099	5913.7551	6644.9426	8212.8642	11131.17	11810.52	12484.331	13161.556	13857.947	14588.593	15360.537	16176.927	17039.717	17946.074	18865.189	19698.38	20386.071	20942.12
