x	t=0	t=100	t=200	t=400	t=800	t=1000	t=1200	t=1400	t=1600	t=2000	t=2100	t=2200	t=2300	t=2400	t=2500	t=3600	t=3660	t=4000	t=4100	t=4200	t=4400	t=4800	t=4900	t=5000	t=5100	t=5200	t=5300	t=5400	t=5500	t=5600	t=5700	t=5800	t=5900	t=6000	t=6090
0	1000	1712.944	1761.0606	1761.6581	1781.9503	1873.9183	1950.9196	1847.6408	1786.2265	1848.2227	1888.7129	1938.0781	1993.0064	2044.7642	2076.5121	1333.8037	559.25326	481.42198	494.36904	493.16348	470.55786	488.34683	497.43094	503.90971	506.97592	504.52177	496.83094	486.90431	476.99176	468.09999	460.64439	454.85502	451.02648	449.87468	452.66832
2.937931	1000	1711.2059	1759.0519	1759.6617	1779.8595	1871.208	1947.2483	1844.8156	1784.0401	1845.669	1885.8594	1934.8133	1989.2122	2040.5404	2071.9226	1332.4404	559.68315	481.83602	494.75427	493.54343	470.97789	488.74837	497.81308	504.27708	507.33386	504.87683	497.18941	487.27051	477.3687	468.49027	461.05075	455.28079	451.47605	450.35326	453.17297
5.8758621	1000	1706.0132	1753.0573	1753.7034	1773.6196	1863.1272	1936.327	1836.4131	1777.5196	1838.0551	1877.3553	1925.0873	1977.9136	2027.8652	2058.1602	1328.3842	560.97338	483.07947	495.91138	494.68481	472.23975	489.95417	498.96071	505.38046	508.40903	505.94345	498.26639	488.37083	478.50139	469.66313	462.27204	456.56054	452.82742	451.79172	454.68892
8.8137931	1000	1697.4297	1743.1699	1743.8747	1763.3271	1849.8244	1918.4336	1822.6476	1766.7794	1825.5211	1863.3681	1909.106	1959.3644	2006.7278	2035.244	1321.7336	563.12579	485.15641	497.8446	496.59236	474.34871	491.96772	500.87744	507.22364	510.20546	507.72596	500.06661	490.21045	480.39549	471.62478	464.31503	458.70165	455.0886	454.19819	457.22212
11.751724	1000	1685.5591	1729.5402	1730.3236	1749.1385	1831.5423	1894.0266	1803.8613	1752.0036	1808.2946	1844.1718	1887.209	1933.9926	1977.358	2003.2071	1312.6461	566.14359	488.07372	500.56109	499.27398	477.31364	494.79492	503.56935	509.81302	512.72992	510.23169	502.59807	492.79811	483.06056	474.3856	467.19106	461.71653	458.27303	457.58619	460.78191
14.689655	1000	1670.5417	1712.37	1713.2482	1731.2637	1808.6094	1863.7303	1780.5011	1733.4375	1786.6817	1820.1366	1859.8611	1902.3963	1940.9134	1962.8369	1301.3287	570.03168	491.8411	504.07097	502.74095	481.14705	498.44416	507.04512	513.15775	515.99208	513.47104	505.87213	496.14625	486.51016	477.96042	470.91631	465.62284	462.39979	461.97447	465.38019
17.627586	1000	1652.5494	1691.9028	1692.8883	1709.9573	1781.4261	1828.3035	1753.0892	1711.3746	1761.0531	1791.7129	1827.6326	1865.3221	1898.3841	1916.028	1288.0261	574.79701	496.47129	508.38755	507.00799	485.86516	502.92646	511.31618	517.26982	520.00467	517.45769	509.90371	500.27119	490.76213	482.36869	475.51201	470.44374	467.49371	467.38673	471.03
20.565517	1000	1631.7794	1668.4139	1669.5148	1685.5075	1750.4456	1788.5919	1722.1885	1686.1433	1731.8264	1759.4083	1791.1692	1823.6215	1850.9071	1864.2055	1273.0085	580.44907	501.98016	513.52743	512.09352	491.48808	508.25568	516.39689	522.16434	524.78365	522.20884	514.71157	505.19343	495.83884	487.63482	481.00479	476.20825	473.58566	473.85088	477.74361
23.503448	1000	1608.4477	1642.198	1643.4182	1658.2239	1716.1516	1745.4694	1688.3685	1658.0908	1699.4457	1723.761	1751.1529	1778.1909	1799.668	1808.8204	1256.5595	587.00045	508.38699	519.51082	518.01991	498.03991	514.44874	522.30482	527.85978	530.34855	527.74547	520.31856	510.93797	501.7676	493.78858	487.42715	482.95166	480.71256	481.39775	485.53021
26.441379	1000	1582.7816	1613.5583	1614.8976	1628.4249	1679.0343	1699.781	1652.1755	1627.5687	1664.3606	1685.3115	1708.2619	1729.9082	1745.7985	1751.2079	1238.965	594.46747	515.71469	526.3618	524.81381	505.54893	521.52594	529.06108	534.37833	536.72279	534.09272	526.7521	517.53474	508.5811	500.86565	494.81796	490.71603	488.91736	490.05881	494.39377
29.37931	1000	1555.0125	1582.7949	1584.2496	1596.4262	1639.5692	1652.2969	1614.1094	1594.9194	1627.0074	1644.578	1663.135	1679.5797	1690.2989	1692.4911	1220.5049	602.87078	523.99017	534.10874	532.5065	514.04786	529.51133	536.69073	541.74632	543.93413	541.28038	534.04457	525.01914	516.31796	508.90816	503.22313	499.55066	498.24829	499.86261	504.33218
32.317241	1000	1525.3698	1550.1961	1551.7591	1562.5309	1598.1995	1603.684	1574.6101	1560.4664	1587.7936	1602.0371	1616.3468	1627.9073	1633.9965	1633.5464	1201.4464	612.23609	533.24476	542.78473	541.13444	523.57407	538.43318	545.22327	549.99468	552.01518	549.34337	542.23397	533.43267	525.02351	517.96555	512.69637	509.51243	508.75709	510.83059	515.33853
35.255172	1000	1494.0745	1516.0312	1517.6928	1527.0215	1555.326	1554.4936	1534.0512	1524.506	1547.0884	1558.1123	1568.3948	1575.4753	1577.5406	1575.0145	1182.0402	622.59475	543.51468	552.42813	550.73976	534.16993	548.32454	554.69323	559.15966	561.00401	558.32245	551.36462	542.8237	534.75054	528.09538	523.30001	520.66585	520.49538	522.97371	527.40494
38.193103	1000	1461.3354	1480.5457	1482.2941	1490.1551	1511.3017	1505.1636	1492.7402	1487.3034	1505.2168	1513.1696	1519.6968	1522.7541	1521.4179	1517.3372	1162.5182	633.98437	554.84167	563.08329	561.37099	545.88316	559.22396	565.14089	569.28346	570.94498	568.26501	561.48796	553.24842	545.5604	539.36445	535.10584	533.08191	533.50862	536.29248	540.52779
41.131034	1000	1427.3458	1443.9587	1445.7804	1452.1604	1466.4325	1456.0282	1450.9237	1449.0909	1462.4589	1467.5179	1470.5963	1470.1129	1465.9802	1460.8015	1143.0933	646.44953	567.27375	574.80136	573.0838	558.76731	571.17627	576.61321	580.41522	581.88959	579.22602	572.66369	564.77195	557.52416	551.85004	548.1957	546.83499	547.82907	550.78194	554.71312
44.068966	1000	1392.281	1406.4621	1408.3423	1413.2374	1420.9811	1407.3316	1408.7944	1410.0685	1419.0516	1421.4142	1421.3716	1417.8363	1411.4725	1405.5805	1123.9601	660.0424	580.86609	587.64125	585.94199	572.8823	584.23365	589.16484	592.61209	593.89765	591.26921	584.96092	577.46975	570.72416	565.64123	562.66116	561.99592	563.4719	566.44023	569.98109
47.006897	1000	1356.298	1368.2211	1370.144	1373.5577	1375.1736	1359.2436	1366.4993	1370.4053	1375.1932	1375.0707	1372.2475	1366.1409	1358.0581	1351.7653	1105.2967	674.82364	595.68218	601.67089	600.01859	588.29513	598.45691	602.85947	605.94056	607.03858	604.4685	598.45979	591.42924	585.25568	580.84017	578.60102	578.62163	580.43966	583.27749	586.36908
49.944828	1000	1319.5352	1329.3758	1331.3249	1333.2669	1329.2065	1311.8734	1324.1473	1330.2426	1331.0482	1328.662	1323.4051	1315.1895	1305.8389	1299.391	1087.2671	690.86327	611.79511	616.96868	615.39715	605.08084	613.91695	617.77141	620.47808	621.39312	618.90968	613.25328	606.75187	601.22899	597.56258	596.11395	596.7465	598.73458	601.3227	603.93367
52.882759	1000	1282.1128	1290.0431	1292.0016	1292.4872	1283.2527	1265.2824	1281.8174	1289.6967	1286.7532	1282.3334	1274.9918	1265.1023	1254.8719	1248.4544	1070.0233	708.24192	629.28933	633.62529	632.17334	623.32358	630.69675	633.98759	636.3151	637.05534	634.69259	629.44953	623.55556	618.77142	615.93595	615.28506	616.385	618.37299	620.62797	622.75182
55.82069	1000	1244.1342	1250.3197	1252.2699	1251.3205	1237.4658	1219.4955	1239.5641	1248.8628	1242.4229	1236.2074	1227.1281	1215.9656	1205.1803	1198.9269	1053.7085	727.05225	648.26271	651.74593	650.45686	643.11818	648.89372	651.61002	653.55755	654.13516	651.93374	647.1747	641.97761	638.0289	636.09179	636.17193	637.54839	639.3961	641.27088	642.92158
58.758621	1000	1205.6869	1210.2836	1212.2079	1209.8518	1191.9817	1174.5097	1197.4234	1207.8175	1198.1548	1190.3897	1179.9128	1167.8382	1156.7631	1150.7638	1038.4599	747.4009	668.82918	671.45305	670.3736	664.57209	668.62271	670.75888	672.32994	672.76145	670.76956	666.57643	662.17798	659.16497	658.14862	658.80553	660.26605	661.87626	663.35576	664.56287
61.696552	1000	1166.8443	1169.9972	1171.8777	1168.1529	1146.9181	1130.3022	1155.4169	1166.622	1154.0346	1144.9733	1133.4262	1120.7565	1109.6016	1103.9102	1024.411	769.41077	691.1221	692.88987	692.0685	687.80794	690.0198	691.57644	692.77931	693.08606	691.36057	687.82815	684.34219	682.35234	682.19231	683.21288	684.60122	685.92009	687.01464	687.81892
64.634483	1000	1127.6668	1129.5093	1131.3277	1126.2864	1102.3725	1086.8362	1113.5556	1125.3246	1110.14	1100.0414	1087.7325	1074.7384	1063.6648	1058.3058	1011.6951	793.22415	715.29855	716.22468	715.7089	712.96689	713.24724	714.23204	715.08027	715.28882	713.89658	711.13419	708.68147	707.75132	708.27652	709.44717	710.65948	711.67025	712.40875	712.85859
67.572414	1000	1088.2035	1088.8569	1090.5947	1084.3106	1058.4203	1044.0656	1071.8421	1083.9633	1066.5443	1055.6687	1042.8809	1029.7872	1018.9133	1013.8877	1000.4479	819.00661	741.54488	741.65641	741.4888	740.21308	738.49976	738.92868	739.44148	739.58407	738.60333	736.73482	735.42313	735.48367	736.45477	737.6092	738.59296	739.30726	739.73124	739.88004
70.510345	1000	1048.4934	1048.0666	1049.7052	1042.284	1015.1144	1001.9386	1030.273	1042.5678	1023.318	1011.9221	998.90683	985.89415	975.30197	970.59259	990.81062	846.95221	770.08414	769.42176	769.63442	769.73952	766.01303	765.91149	766.11423	766.22913	765.75062	764.908	764.78228	765.63613	766.82193	767.85838	768.6033	769.05259	769.21172	769.11596
73.448276	1000	1008.5663	1007.1566	1008.6771	1000.2708	972.48512	960.40027	988.84052	1001.161	980.53032	968.85924	955.8328	943.041	932.78235	928.35779	982.93352	877.29028	801.18584	799.80458	800.4114	801.77596	796.07491	795.47927	795.40384	795.5355	795.66115	795.95759	796.92913	798.30788	799.54185	800.41884	800.94559	801.17427	801.12309	800.84078
76.386207	1000	968.44417	966.13753	967.52082	958.3446	930.54195	919.39451	947.53351	959.76161	938.24797	926.52813	913.66976	901.20234	891.30422	887.12243	976.97954	910.29465	835.17942	833.14825	834.13465	836.59958	829.04085	828.00012	827.68512	827.88325	828.71518	830.17487	832.00323	833.66642	834.86181	835.58526	835.93545	835.99585	835.79126	835.38026
79.324138	1000	928.14192	925.01335	926.24013	916.58905	889.27626	878.86532	906.33865	918.38523	896.53363	884.96585	872.41821	860.34717	850.81666	846.82784	973.12877	946.29613	872.47284	869.87256	871.18203	874.54978	865.35539	863.93325	863.42379	863.73792	865.33431	867.80223	870.18581	871.98253	873.12277	873.73229	873.96094	873.90978	873.60865	873.12422
82.262069	1000	887.66793	883.7822	884.83295	875.09381	848.66416	838.75782	865.24109	877.04685	855.44338	844.19822	832.06969	820.44048	811.26891	807.41789	971.5837	985.70009	913.57911	910.49721	912.01387	916.04895	905.58304	903.86022	903.20579	903.66188	905.92851	909.07403	911.77367	913.65093	914.77279	915.33077	915.50129	915.39673	915.05271	914.5436
85.2	1000	847.02479	842.43692	843.292	833.9463	808.66979	799.01884	824.22515	835.76296	815.02432	804.24	792.6082	781.44441	772.61097	768.8392	972.57582	1029.0114	959.155	955.6756	957.20156	961.63242	950.45373	948.53072	947.77532	948.29128	950.86908	954.32763	957.22476	959.2113	960.38978	960.97432	961.15502	961.05315	960.71155	960.21347
86.057143	1000	840.3045	835.5382	836.34765	827.12593	802.06374	792.41261	817.36766	828.88087	808.35213	797.65635	786.11269	775.02597	766.24248	762.47105	969.53703	1036.1322	967.25781	963.70619	965.19637	969.66732	958.44688	956.49695	955.72444	956.23083	958.80848	962.28648	965.21217	967.22454	968.42282	969.02162	969.21249	969.11819	968.78334	968.29326
86.914286	1000	835.89597	830.96922	831.7408	822.61063	797.69321	788.02782	812.80618	824.3164	803.9354	793.2992	781.81381	770.77691	762.02365	758.24729	965.28355	1040.5463	972.72207	969.11382	970.56929	975.06635	963.83113	961.86121	961.07502	961.57191	964.14425	967.63238	970.57735	972.6084	973.82168	974.43179	974.6312	974.54373	974.21544	973.73338
87.771429	1000	831.50861	826.42434	827.15841	818.11823	793.34375	783.66495	808.26913	819.77584	799.54039	788.96301	777.53522	766.54762	757.82437	754.0434	961.11204	1044.9571	978.22304	974.55773	975.97825	980.50169	969.25113	967.26099	966.461	966.94836	969.51548	973.01394	975.97843	978.0284	979.25686	979.87842	980.08647	980.00589	979.68424	979.21029
88.628571	1000	827.14214	821.90325	822.60018	813.64846	789.01513	779.32376	803.75621	815.2589	795.16684	784.64754	773.27667	762.33786	753.64442	749.85914	957.0214	1049.3662	983.76133	980.0385	981.42382	985.97393	974.70744	972.69687	971.88294	972.36075	974.92273	978.43171	981.41599	983.48512	984.72894	985.36208	985.57888	985.50527	985.19034	984.72459
89.485714	1000	822.79631	817.40567	818.06582	809.20104	784.70711	775.00396	799.26713	810.76528	790.81451	780.35255	769.03795	758.14742	749.4836	745.69431	953.0106	1053.7748	989.33753	985.55673	986.9066	991.48367	980.20065	978.16942	977.3414	977.80964	980.36659	983.88629	986.89062	988.97915	990.23852	990.88339	991.10903	991.04248	990.73434	990.27688
90.342857	1000	818.47084	812.93129	813.55501	804.77572	780.41945	770.70533	794.80158	806.2947	786.48315	776.07782	764.81883	753.9761	745.34169	741.54867	949.07868	1058.1844	994.95227	991.11301	992.42718	997.03152	985.73136	983.67923	982.83698	983.29564	985.84763	989.37826	992.40293	994.51111	995.78622	996.44296	996.67755	996.61814	996.31686	995.86779
91.2	1000	814.16549	808.47983	809.06747	800.37222	776.15192	766.42759	790.35928	801.84688	782.1725	771.8231	760.61909	749.82367	741.21849	737.42203	945.22471	1062.5965	1000.6062	996.70797	997.9862	1002.6181	991.30017	989.2269	988.37029	988.81934	991.36648	994.90824	997.95352	1000.0816	1001.3727	1002.0414	1002.2851	1002.2329	1001.9385	1001.498
92.057143	1000	809.88001	804.051	804.60291	795.99029	771.90429	762.17051	785.93994	797.42154	777.88235	767.58818	756.43851	745.68993	737.11378	733.31417	941.44781	1067.0123	1006.2999	1002.3423	1003.5843	1008.2441	996.90772	994.81307	993.94193	994.38135	996.92374	1000.4769	1003.543	1005.6913	1006.9985	1007.6794	1007.9323	1007.8874	1007.6001	1007.1681
92.914286	1000	805.61415	799.64454	800.16106	791.62968	767.67634	757.93386	781.54328	793.01841	773.61244	763.37283	752.2769	741.57467	733.02737	729.22488	937.74717	1071.4334	1012.0342	1008.0165	1009.2221	1013.9102	1002.5546	1000.4384	999.55255	999.98232	1002.5201	1006.0848	1009.1722	1011.3408	1012.6644	1013.3577	1013.6198	1013.5823	1013.3021	1012.8788
93.771429	1000	801.36767	795.26017	795.74164	787.29014	763.46783	753.71739	777.16903	788.63724	769.36256	759.17683	748.13403	737.47771	728.95907	725.15396	934.12203	1075.8611	1017.8096	1013.7315	1014.9003	1019.6169	1008.2416	1006.1035	1005.2028	1005.6229	1008.1561	1011.7326	1014.8415	1017.0309	1018.371	1019.0768	1019.3483	1019.3183	1019.0452	1018.6307
94.628571	1000	797.14034	790.89763	791.34438	782.97142	759.27857	749.52087	772.81693	784.27774	765.13248	754.99998	744.00971	733.39884	724.90868	721.10121	930.57164	1080.297	1023.627	1019.4877	1020.6195	1025.3652	1013.9693	1011.809	1010.8933	1011.3037	1013.8325	1017.4211	1020.5518	1022.7622	1024.1191	1024.8375	1025.1185	1025.0961	1024.8303	1024.4247
95.485714	1000	792.93192	786.55665	786.96901	778.6733	755.10834	745.34408	768.4867	779.93968	760.92197	750.84205	739.90374	729.33787	720.876	717.06644	927.09533	1084.7423	1029.4869	1025.2861	1026.3806	1031.1555	1019.7384	1017.5557	1016.6248	1017.0255	1019.55	1023.1508	1026.3037	1028.5354	1029.9093	1030.6405	1030.9312	1030.9165	1030.6581	1030.2615
96.342857	1000	788.74219	782.23697	782.61528	774.39553	750.95692	741.18679	764.1781	775.6228	756.73082	746.70286	735.81591	725.29461	716.86086	713.04946	923.69246	1089.1986	1035.3903	1031.1272	1032.1842	1036.9888	1025.5496	1023.3442	1022.398	1022.7889	1025.3092	1028.9226	1032.098	1034.3513	1035.7424	1036.4866	1036.7871	1036.7801	1036.5291	1036.1417
97.2	1000	783.4485	776.81161	777.15317	769.02125	745.73742	735.96982	758.78071	770.20613	751.46416	741.50001	730.67691	720.21179	711.81496	708.00488	921.0182	1095.1776	1042.8932	1038.5562	1039.5737	1044.4176	1032.9381	1030.7048	1029.7405	1030.1214	1032.6406	1036.2728	1039.4772	1041.7573	1043.1693	1043.9287	1044.2403	1044.2419	1043.9987	1043.6208
99.806897	1000	762.91715	755.76117	755.98082	748.16828	725.45228	715.72238	737.8821	749.2148	731.02229	721.29574	710.71316	700.46278	692.212	688.41868	916.26618	1120.0828	1073.0322	1068.4287	1069.3285	1074.3606	1062.7012	1060.3552	1059.3165	1059.6582	1062.1851	1065.9042	1069.2329	1071.6267	1073.127	1073.95	1074.3051	1074.3351	1074.1105	1073.747
102.41379	1000	743.80536	735.92432	736.02317	728.52265	706.30588	696.59555	718.16885	729.44174	711.75866	702.24611	691.88062	681.82421	673.70485	669.92441	911.02521	1144.0402	1103.1143	1098.2628	1099.0619	1104.3337	1092.5555	1090.0872	1088.958	1089.2448	1091.7689	1095.5758	1099.0412	1101.5671	1103.1744	1104.0758	1104.4828	1104.5412	1104.323	1103.9443
105.02069	1000	726.00778	717.22888	717.20572	710.01029	688.23341	678.52688	699.57034	710.81073	693.6018	684.28254	674.11341	664.2326	656.23173	652.46084	905.40849	1167.0298	1133.1193	1128.0379	1128.7527	1134.3151	1122.48	1119.8794	1118.6441	1118.8601	1121.3709	1125.2663	1128.8804	1131.5568	1133.29	1134.2851	1134.7531	1134.8402	1134.6171	1134.1953
107.62759	1000	709.42768	699.61099	699.46275	692.56553	671.17713	661.46082	682.02409	693.25449	676.48829	667.34405	657.35293	647.63139	639.73752	635.97335	899.51791	1189.037	1163.0232	1157.7295	1158.3758	1164.2792	1152.4494	1149.7069	1148.3499	1148.4793	1150.9661	1154.9503	1158.7251	1161.5702	1163.4486	1164.5531	1165.0914	1165.2082	1164.9694	1164.4783
110.23448	1000	693.97623	683.01389	682.73605	676.12996	655.08544	645.34776	665.47464	676.71342	660.36167	651.37624	641.54681	631.96997	624.17288	620.41303	893.44469	1210.0526	1192.7981	1187.3091	1187.902	1194.1961	1182.4339	1179.5401	1178.0456	1178.0729	1180.525	1184.5982	1188.5454	1191.5774	1193.6201	1194.8501	1195.4684	1195.6163	1195.3519	1194.7668
112.84138	1000	679.57224	667.38692	666.97386	660.65145	639.91201	630.1433	649.87258	661.13454	645.17146	636.33044	626.64812	617.20294	609.49352	605.736	887.27017	1230.0727	1222.4112	1216.7433	1217.2972	1224.0309	1212.3987	1209.3439	1207.6967	1207.6063	1210.0132	1214.1754	1218.3062	1221.5431	1223.7696	1225.1413	1225.8497	1226.0305	1225.7313	1225.0288
115.44828	1000	666.14185	652.68467	652.13008	646.08338	625.61523	615.80754	635.17374	646.47057	630.87244	622.16298	612.6147	603.28951	595.65958	591.90272	881.06654	1249.0982	1251.8244	1245.9935	1246.5221	1253.743	1242.3026	1239.0775	1237.2624	1237.0392	1239.3902	1243.6413	1247.9669	1251.4265	1253.8559	1255.3857	1256.1947	1256.4106	1256.068	1255.226
118.05517	1000	653.61842	638.86627	638.1635	632.3839	612.15756	602.30456	621.33856	632.67927	617.42402	608.83459	599.40862	590.19286	582.63512	578.87756	874.89755	1267.1349	1280.9938	1275.015	1275.5311	1283.2856	1272.0977	1268.6934	1266.6954	1266.3245	1268.6095	1272.9491	1277.4801	1281.1799	1283.8313	1285.5356	1286.4557	1286.7092	1286.3154	1285.3131
120.66207	1000	641.94223	625.89474	625.03719	619.5154	599.50511	589.60197	608.33154	619.72278	604.78965	596.30989	586.99563	577.87981	570.38766	566.62832	868.81929	1284.1928	1309.8688	1303.7564	1304.2721	1312.6044	1301.7287	1298.1362	1295.9411	1295.4082	1297.6171	1302.0448	1306.7914	1310.7481	1313.6402	1315.5352	1316.5771	1316.8711	1316.4188	1315.2369
123.26897	1000	631.06009	613.73655	612.71802	607.44403	587.62722	577.6705	596.12071	607.56712	592.93642	584.55697	575.34483	566.32031	558.88784	555.12587	862.88082	1300.2855	1338.3914	1332.1592	1332.6854	1341.6375	1331.1313	1327.3424	1324.9363	1324.2277	1326.3509	1330.8661	1335.838	1340.0679	1343.2186	1345.3203	1346.4946	1346.8322	1346.3148	1344.9353
125.87586	1000	620.92491	602.36111	601.17624	596.13931	576.49615	566.48365	584.67732	596.18176	581.83463	573.547	564.42827	555.48723	548.10907	544.34383	857.12481	1315.4298	1366.4958	1360.1564	1360.7032	1370.3139	1360.2322	1356.239	1353.6089	1352.7118	1354.7401	1359.3422	1364.5484	1369.0665	1372.4931	1374.8166	1376.1336	1376.5182	1375.9299	1374.3365
128.48276	1000	611.49516	591.7405	590.38505	585.57373	566.08676	556.01744	573.97542	585.53922	571.45751	563.25394	554.22068	545.35597	538.02727	534.25832	851.58811	1329.6451	1394.1074	1387.6729	1388.2489	1398.5534	1388.9474	1384.7428	1381.8769	1380.7794	1382.7046	1387.3927	1392.8411	1397.6614	1401.3798	1403.9395	1405.4091	1405.844	1405.1798	1403.3578
131.08966	1000	602.73441	581.84907	580.32033	575.72249	556.37628	546.25015	563.9916	575.61478	561.78088	553.65429	544.69921	535.90428	528.62063	524.84768	846.3023	1342.9524	1421.1425	1414.6239	1415.2366	1426.2654	1417.1819	1412.7597	1409.6476	1408.3392	1410.1537	1414.9268	1420.6243	1425.7591	1429.7836	1432.5926	1434.2241	1434.7126	1433.9684	1431.9053
133.69655	1000	594.61076	572.66335	570.96037	566.56324	547.34411	537.16208	554.70475	566.38622	552.78295	544.7268	535.84321	527.11204	519.86942	516.09233	841.29409	1355.3738	1447.508	1440.9151	1441.5708	1453.3489	1444.8291	1440.1843	1436.817	1435.2891	1436.9864	1441.8432	1447.7954	1453.2548	1457.5977	1460.6675	1462.469	1463.0144	1462.187	1459.8724
136.30345	1000	587.09646	564.16178	562.28559	558.07586	538.97158	528.73541	546.09582	557.83353	544.44407	536.45232	527.63403	518.96107	511.75578	507.97455	836.58577	1366.9319	1473.1007	1466.4426	1467.1459	1479.6915	1471.77	1466.8992	1463.2699	1461.5156	1463.0905	1468.0297	1474.2402	1480.0321	1484.703	1488.0429	1490.0213	1490.6267	1489.714	1487.1402
138.91034	1000	580.16745	556.3246	554.27838	550.24225	531.24186	520.95402	538.14766	549.93876	536.74661	528.81364	520.05489	511.43496	504.26362	500.47834	832.19555	1377.6486	1497.8081	1491.0925	1491.8466	1505.1704	1497.8736	1492.7751	1488.8796	1486.8944	1488.3432	1493.3629	1499.8335	1505.9627	1510.9683	1514.585	1516.7457	1517.4135	1516.4144	1513.5768
141.51724	1000	573.80302	549.13382	546.92292	543.04619	524.13977	513.80333	530.84483	542.68582	529.67473	521.79527	513.09068	504.51897	497.37843	493.5893	828.13784	1387.5448	1521.5082	1514.7418	1515.5481	1529.6522	1522.9975	1517.6715	1513.5084	1511.2905	1512.6111	1517.7093	1524.4394	1530.9071	1536.2503	1540.1476	1542.4937	1543.226	1542.1407	1539.0379
144.12414	1000	567.98552	542.57309	540.20497	536.47318	517.65169	507.27024	524.17348	536.06034	523.21432	515.38339	506.7279	498.19988	491.08723	487.29449	824.4235	1396.6395	1544.0705	1537.259	1538.1175	1552.994	1546.9881	1541.4375	1537.0085	1534.5592	1535.7516	1540.9257	1547.912	1554.7158	1560.3953	1564.5731	1567.1056	1567.9035	1566.7336	1563.3679
146.73103	1000	562.7001	536.62771	534.11182	530.51034	511.76543	501.34296	518.12121	530.04956	517.35281	509.56571	500.95453	492.46591	485.3784	481.58239	821.06006	1404.9489	1565.3577	1558.5055	1559.4144	1575.045	1569.6833	1563.9134	1559.2241	1556.548	1557.6141	1562.8612	1570.0974	1577.2302	1583.2401	1587.6944	1590.4115	1591.2754	1590.0236	1586.4013
149.33793	1000	557.9345	531.28455	528.6321	525.14626	506.47017	496.01096	512.677	524.64215	512.07913	504.33135	495.7599	487.30662	480.24165	476.44273	818.05183	1412.4864	1585.227	1578.3374	1579.2936	1595.6488	1590.9141	1584.9334	1579.9931	1577.0985	1578.0426	1583.3591	1590.8355	1598.2856	1604.6149	1609.3375	1612.2342	1613.1634	1611.834	1607.9656
151.94483	1000	553.67893	526.53207	523.75576	520.37097	501.75635	491.26489	507.83108	519.82822	507.38359	499.67078	491.13468	482.71283	475.66793	471.86649	815.40006	1419.2612	1603.5325	1596.6082	1597.6072	1614.6458	1610.5084	1604.3282	1599.1505	1596.0492	1596.8778	1602.2597	1609.9634	1617.714	1624.3464	1629.3241	1632.3926	1633.3851	1631.9837	1627.8838
154.55172	1000	549.92589	522.36022	519.4739	516.1758	497.61561	487.0965	503.57489	515.59914	503.25781	495.57578	487.07077	478.67656	471.64934	467.84579	813.10295	1425.2786	1620.1285	1613.1713	1614.2074	1631.877	1628.2943	1621.9294	1616.5317	1613.2393	1613.9613	1619.4038	1627.3183	1635.3477	1642.2615	1647.4766	1650.7054	1651.758	1650.2915	1645.9789
157.15862	1000	546.67014	518.76045	515.77878	512.55337	494.04076	483.49857	499.90098	511.94753	499.69469	492.03931	483.56124	475.19099	468.17912	464.37386	811.15575	1430.5391	1634.8719	1627.8835	1628.9502	1647.1873	1644.105	1637.5729	1631.9768	1628.5126	1629.1389	1634.6365	1642.7417	1651.0233	1658.1916	1663.6218	1666.9965	1668.1046	1666.5808	1662.0783
159.76552	1000	543.90863	515.72559	512.6637	509.49748	491.02568	480.46491	496.80299	508.8672	496.68829	489.05552	480.6003	472.25038	465.25157	461.445	809.55068	1435.0381	1647.6264	1640.6082	1641.6988	1660.4303	1657.783	1651.1044	1645.3352	1641.7214	1642.2648	1647.8113	1656.0841	1664.5864	1671.9776	1677.5963	1681.0993	1682.2571	1680.6847	1676.0183
162.37241	1000	541.64047	513.24985	510.123	507.00313	488.56533	477.99026	494.27556	506.35308	494.23386	486.61967	478.18325	469.85004	462.86202	459.05451	808.27693	1438.7659	1658.2658	1651.2196	1652.3272	1671.4715	1669.1855	1662.3837	1656.4695	1652.7312	1653.206	1658.7945	1667.2085	1675.8964	1683.4745	1689.2515	1692.8626	1694.063	1692.4515	1687.6498
164.97931	1000	539.86699	511.32868	508.152	505.06641	486.65567	476.07029	492.31434	504.4012	492.32776	484.72813	476.30644	467.98635	461.00682	457.19868	807.32054	1441.7075	1666.6773	1659.6061	1660.7245	1680.1936	1678.1889	1671.2893	1665.2609	1661.425	1661.8465	1667.4692	1675.9956	1684.8305	1692.5563	1698.4584	1702.1553	1703.3901	1701.7489	1696.8423
167.58621	1000	538.59176	509.95868	506.747	503.68455	485.29364	474.70155	490.91595	503.00866	490.96746	483.37833	474.96727	466.65664	459.68327	455.87478	806.66433	1443.8424	1672.7655	1665.6735	1666.7975	1686.4991	1684.6928	1677.7225	1671.6124	1667.7069	1668.0909	1673.7391	1682.3472	1691.288	1699.1201	1705.1121	1708.8709	1710.1311	1708.4696	1703.4891
170.1931	1000	537.82068	509.13756	505.90523	502.85582	484.47717	473.88147	490.07793	502.17364	490.15151	482.56874	474.16413	465.85925	458.88964	455.081	806.28772	1445.145	1676.4545	1669.3482	1670.474	1690.3144	1688.6242	1681.6112	1675.4522	1671.5056	1671.8678	1677.5319	1686.1894	1695.1938	1703.0895	1709.1354	1712.9314	1714.2071	1712.5341	1707.5105
172.8	1000	537.56206	508.86399	505.62486	502.5796	484.20513	473.60833	489.79877	501.89535	489.87949	482.29887	473.89643	465.59349	458.62515	454.81647	806.16651	1445.5847	1677.6911	1670.5796	1671.7056	1691.5918	1689.9394	1682.9122	1676.7371	1672.7769	1673.1319	1678.8015	1687.4755	1696.5012	1704.4179	1710.4816	1714.29	1715.5709	1713.8943	1708.8567
