r(x_rel=1)	t=0	t=100	t=200	t=400	t=800	t=1000	t=1200	t=1400	t=1600	t=2000	t=2100	t=2200	t=2300	t=2400	t=2500	t=3600	t=3660	t=4000	t=4100	t=4200	t=4400	t=4800	t=4900	t=5000	t=5100	t=5200	t=5300	t=5400	t=5500	t=5600	t=5700	t=5800	t=5900	t=6000	t=6090
0	17038	17038.005	17039.919	17196.057	19047.37	20586.636	22330.966	24187.283	26108.406	30045.164	31036.713	32028.771	33020.851	34012.819	35004.695	45941.699	46540.229	49543.62	49999.768	50162.472	49753.893	47201.634	46373.299	45501.081	44596.827	43668.105	42720.845	41759.832	40788.87	39810.851	38827.806	37841.019	36851.202	35858.702	34963.34
0.18	17038	17038.007	17040.334	17206.243	19085.467	20631.8	22379.995	24238.504	26160.93	30098.692	31090.281	32082.346	33074.421	34066.381	35058.255	45995.567	46594.1	49575.737	50015.664	50162.914	49731.53	47157.959	46327.072	45452.925	44547.191	43617.339	42669.232	41707.6	40736.199	39757.868	38774.598	37787.638	36797.67	35805.032	34909.555
0.36	17038	17038.009	17040.783	17216.645	19123.687	20677.033	22429.062	24289.747	26213.466	30152.222	31143.85	32135.921	33127.99	34119.944	35111.814	46049.437	46647.969	49607.429	50031.111	50162.972	49708.934	47114.207	46280.787	45404.724	44497.52	43566.546	42617.6	41655.355	40683.517	39704.879	38721.386	37734.251	36744.134	35751.358	34855.767
0.54	17038	17038.014	17041.491	17231.669	19177.458	20740.502	22497.835	24361.534	26287.046	30227.166	31218.847	32210.926	33202.986	34194.931	35186.798	46124.857	46723.385	49650.886	50051.78	50162.237	49676.804	47052.791	46215.863	45337.148	44427.907	43495.381	42545.273	41582.182	40609.742	39630.679	38646.878	37659.502	36669.175	35676.207	34780.457
0.72	17038	17038.022	17042.581	17252.423	19249.246	20824.948	22589.204	24456.843	26384.7	30326.589	31318.335	32310.422	33302.471	34294.404	35286.266	46224.911	46823.42	49706.907	50077.508	50159.828	49633.314	46971.035	46129.522	45247.338	44335.436	43400.882	42449.258	41485.064	40511.841	39532.226	38548.022	37560.328	36569.726	35576.504	34680.543
0.9	17038	17038.037	17044.216	17279.822	19340.164	20931.442	22704.22	24576.722	26507.47	30451.513	31443.335	32435.429	33427.462	34419.381	35411.239	46350.627	46949.095	49774.672	50107.153	50154.536	49577.304	46867.867	46020.699	45134.237	44219.051	43281.999	42328.512	41362.964	40388.781	39408.487	38423.788	37435.701	36444.755	35451.214	34554.991
1.08	17038	17038.063	17046.631	17314.88	19451.022	21060.638	22843.454	24721.698	26655.862	30602.408	31594.311	32586.41	33578.424	34570.326	35562.18	46502.48	47100.862	49852.62	50139.036	50144.854	49507.669	46742.608	45888.766	44997.251	44078.19	43138.192	42182.512	41215.376	40240.068	39258.979	38273.694	37285.139	36293.781	35299.858	34403.321
1.26	17038	17038.111	17050.161	17358.782	19582.562	21213.056	23007.306	24892.113	26830.18	30779.528	31771.515	32763.614	33755.605	34747.489	35739.34	46680.729	47278.953	49938.636	50171.055	50128.99	49423.231	46594.702	45733.238	44835.949	43912.461	42969.105	42010.932	41041.995	40065.413	39083.422	38097.47	37108.375	36116.537	35122.168	34225.268
1.44	17038	17038.198	17055.278	17412.909	19735.532	21389.171	23196.11	25088.229	27030.639	30983.031	31975.097	32967.19	33959.154	34951.019	35942.868	46885.532	47483.482	50030.106	50200.742	50104.896	49322.705	46423.625	45553.678	44649.96	43721.546	42774.46	41813.528	40842.605	39864.62	38881.633	37894.938	36905.235	35912.85	34917.974	34020.663
1.62	17038	17038.356	17062.638	17478.852	19910.706	21589.451	23410.17	25310.267	27257.41	31213.017	32205.154	33197.233	34189.166	35181.012	36172.861	47116.999	47714.487	50123.946	50225.295	50070.292	49204.697	46228.851	45349.66	44438.934	43505.154	42554.016	41590.098	40617.034	39637.54	38653.478	37665.972	36675.595	35682.6	34687.155	33789.389
1.8	17038	17038.641	17073.133	17558.407	20108.893	21814.367	23649.784	25558.433	27510.636	31469.558	32461.752	33453.808	34445.707	35437.534	36429.388	47375.209	47971.94	50216.617	50241.623	50022.701	49067.717	46009.845	45120.76	44202.528	43263.009	42307.55	41340.463	40365.136	39384.05	38398.849	37410.472	36419.359	35425.69	34429.618	33531.356
1.98	17038	17039.158	17087.962	17653.576	20330.928	22064.395	23915.242	25832.922	27790.449	31752.705	32744.938	33736.96	34728.822	35720.632	36712.497	47660.222	48255.739	50304.155	50246.388	49959.482	48910.195	45766.056	44866.544	43940.397	42994.836	42034.847	41064.456	40086.78	39104.043	38117.654	37128.355	36136.447	35142.042	34145.288	33246.494
2.16	17038	17040.085	17108.696	17766.554	20577.665	22340.018	24206.838	26133.926	28096.97	32062.496	33054.744	34046.723	35038.546	36030.342	37022.223	47972.085	48565.68	50382.212	50236.048	49877.867	48730.503	45496.921	44586.572	43652.196	42700.367	41735.701	40761.918	39781.845	38797.425	37809.813	36819.546	35826.788	34831.588	33834.098	32934.743
2.34	17038	17041.74	17137.35	17899.706	20849.966	22641.72	24524.863	26461.633	28430.31	32398.956	33391.195	34383.12	35374.903	36366.69	37358.595	48310.833	48901.418	50446.109	50206.915	49775.004	48526.979	45201.872	44280.398	43337.577	42379.333	41409.909	40432.7	39450.219	38464.108	37475.252	36483.979	35490.316	34494.263	33495.989	32596.05
2.52	17038	17044.662	17176.455	18055.546	21148.69	22969.978	24869.607	26816.229	28790.576	32762.106	33754.306	34746.168	35737.914	36729.699	37721.636	48676.492	49262.394	50490.914	50155.207	49647.996	48297.95	44880.335	43947.58	42996.195	42031.472	41057.276	40076.659	39091.796	38104.009	37113.903	36121.589	35126.97	34130.006	33130.906	32230.371
2.7	17038	17049.752	17229.102	18236.7	21474.677	23325.264	25241.357	27197.895	29177.864	33151.956	34144.091	35135.883	36127.594	37119.384	38111.367	49069.065	49647.727	50511.528	50077.106	49493.946	48041.757	44531.743	43587.675	42627.71	41656.528	40677.615	39693.661	38706.48	37717.055	36725.701	35732.316	34736.688	33738.761	32738.796	31837.664
2.88	17038	17058.484	17298.967	18445.869	21828.737	23708.031	25640.394	27606.809	29592.264	33568.516	34560.557	35552.274	36543.957	37535.763	38527.802	49488.528	50056.046	50502.792	49968.82	49310.002	47756.779	44155.541	43200.252	42231.79	41254.256	40270.749	39283.58	38294.18	37303.175	36310.583	35316.098	34319.411	33320.468	32319.611	31417.894
3.06	17038	17073.178	17390.307	18685.784	22211.64	24118.714	26066.988	28043.139	30033.852	34011.786	35003.71	35995.351	36987.013	37978.847	38970.96	49934.806	50485.233	50459.586	49826.642	49093.4	47441.458	43751.189	42784.894	41808.12	40824.423	39836.516	38846.305	37854.815	36862.304	35868.491	34872.875	33875.077	32875.071	31873.302	30971.03
3.24	17038	17097.361	17507.906	18959.154	22624.099	24557.72	26521.401	28507.046	30502.694	34481.765	35473.552	36465.119	37456.773	38448.65	39440.852	50407.722	50932.042	50376.939	49647.007	48841.507	47094.325	43318.175	42341.204	41356.401	40366.817	39374.77	38381.735	37388.313	36394.383	35399.366	34402.588	33403.625	32402.513	31399.827	30497.05
3.42	17038	17136.145	17656.991	19268.613	23066.766	25025.427	27003.881	28998.678	30998.84	34978.449	35970.084	36961.587	37953.247	38945.183	39937.495	50906.924	51391.529	50250.125	49426.556	48551.864	46714.014	42856.013	41868.809	40876.357	39881.245	38885.381	37889.785	36894.612	35899.356	34903.151	33905.173	32904.992	31902.737	30899.144	29995.938
3.6	17038	17196.535	17843.104	19616.663	23540.218	25522.179	27514.661	29518.171	31522.324	35501.831	36493.309	37484.76	38476.444	39468.457	40460.903	51431.713	51856.22	50074.744	49162.188	48222.222	46299.289	42364.256	41367.366	40367.741	39367.541	38368.243	37370.384	36373.66	35377.175	34379.789	33380.569	32379.115	31375.69	30371.218	29467.688
3.78	17038	17287.519	18071.952	20005.616	24044.953	26048.281	28053.956	30065.64	32073.16	36051.904	37043.227	38034.645	39026.374	40018.485	41011.09	51980.736	52314.937	49846.794	48851.117	47850.578	45849.055	41842.498	40836.569	39830.338	38825.567	37823.273	36823.481	35825.414	34827.79	33829.223	32828.709	31825.929	30821.315	29816.019	28912.307
3.96	17038	17419.753	18349.23	20437.539	24581.383	26604.002	28621.961	30641.183	32651.342	36628.658	37619.839	38611.25	39603.046	40595.279	41588.073	52551.38	52751.178	49562.736	48490.924	47435.205	45362.379	41290.379	40276.15	39263.969	38255.218	37250.411	36249.038	35249.841	34251.159	33251.393	32249.525	31245.366	30239.564	29233.524	28329.816
4.14	17038	17604.805	18680.422	20914.196	25149.831	27189.57	29218.855	31244.875	33256.84	37232.087	38223.149	39214.581	40206.471	41198.852	42191.871	53138.596	53141.069	49219.559	48079.596	46974.678	44838.494	40707.588	39685.887	38668.498	37656.421	36649.625	35647.036	34646.916	33647.238	32646.238	31642.945	30637.362	29630.387	28623.722	27720.256
4.32	17038	17854.109	19070.602	21436.999	25750.531	27805.17	29844.791	31876.763	33889.599	37862.183	38853.162	39844.649	40836.661	41829.217	42822.501	53732.596	53451.073	48814.845	47615.561	46467.891	44276.813	40093.868	39065.607	38043.834	37029.145	36020.91	35017.475	34016.62	33015.982	32013.692	31008.896	30001.847	28993.743	27986.612	27083.691
4.5	17038	18178.027	19524.224	22006.958	26383.624	28450.953	30499.901	32536.864	34549.537	38518.944	39509.884	40501.465	41493.629	42486.392	43479.989	54314.376	53636.239	48346.847	47097.705	45914.075	43676.929	39449.021	38415.189	37389.933	36373.393	35364.286	34360.366	33358.941	32357.346	31353.682	30347.299	29338.758	28329.597	27322.213	26420.215
4.68	17038	18585.284	20044.929	22624.648	27049.167	29127.03	31184.29	33225.163	35236.545	39202.368	40193.326	41185.041	42177.388	43170.393	44164.359	54846.939	53641.113	47814.543	46525.385	45312.802	43038.619	38772.91	37734.572	36706.804	35689.211	34679.802	33675.736	32673.867	31671.277	30666.134	29658.074	28648.032	27637.926	26630.56	25729.957
4.86	17038	19082.621	20635.36	23290.171	27747.13	29833.476	31898.036	33941.605	35950.489	39912.461	40903.499	41895.39	42887.954	43881.239	44875.642	55258.139	53408.38	47217.657	45898.424	44663.992	42361.838	38065.462	37023.758	35994.512	34976.684	33967.531	32963.625	31961.386	30957.717	29950.961	28941.136	27929.61	26918.718	25911.716	25013.09
5.04	17038	19674.328	21296.996	24003.14	28477.41	30570.338	32641.183	34686.097	36691.208	40649.23	41640.419	42632.529	43625.345	44618.952	45613.875	55407.075	52906.687	46556.631	45217.107	43967.908	41646.713	37326.67	36282.814	35253.174	34235.934	33227.565	32224.075	31221.481	30216.598	29208.073	28196.401	27183.442	26171.98	25165.774	24269.842
5.22	17038	20361.639	22029.81	24762.457	29239.64	31337.444	33413.549	35458.32	37458.342	41412.509	42403.925	43396.295	44389.397	45383.378	46378.919	55020.801	52202.314	45832.807	44482.401	43225.365	40893.732	36556.794	35512.067	34483.148	33467.302	32460.199	31457.318	30454.309	29448.022	28437.553	27423.969	26409.671	25397.924	24393.053	23500.681
