x	t=0	t=100	t=200	t=400	t=800	t=1000	t=1200	t=1400	t=1600	t=2000	t=2100	t=2200	t=2300	t=2400	t=2500	t=3600	t=3660	t=4000	t=4100	t=4200	t=4400	t=4800	t=4900	t=5000	t=5100	t=5200	t=5300	t=5400	t=5500	t=5600	t=5700	t=5800	t=5900	t=6000	t=6090
0	0.000381503	1.1920601	1.168162	1.1494195	1.1952074	1.3845106	1.6449707	1.3855447	1.214417	1.332418	1.4166016	1.5269719	1.6657055	1.8243782	1.9544015	-1.4602301	-1.2323504	-1.249706	-1.1568958	-1.1546419	-1.3060746	-1.2099167	-1.1427888	-1.0936028	-1.0654648	-1.0648448	-1.0864632	-1.121137	-1.1643308	-1.2145836	-1.2721738	-1.3386529	-1.4166396	-1.5069129	-1.5811104
2.937931	0.000381503	1.19307	1.1692864	1.1506129	1.1965761	1.3862563	1.6452536	1.3842194	1.2151842	1.3338308	1.4180987	1.5285059	1.6670649	1.8248352	1.9528738	-1.4601918	-1.2334529	-1.2502421	-1.157691	-1.1556847	-1.3071491	-1.2102306	-1.1432798	-1.094274	-1.0662993	-1.065849	-1.0876507	-1.1225118	-1.1658919	-1.2163306	-1.2741095	-1.3407777	-1.4189143	-1.5090429	-1.5819567
5.8758621	0.000381503	1.1961344	1.1726935	1.154229	1.2007195	1.3915202	1.6459392	1.3803091	1.2175363	1.3380888	1.4225998	1.5330964	1.6710858	1.8261219	1.9481474	-1.4600959	-1.2367621	-1.2518749	-1.1600915	-1.1588391	-1.3103794	-1.2111901	-1.1447795	-1.0963162	-1.0688373	-1.0688992	-1.0912537	-1.1266796	-1.1706209	-1.22162	-1.2799666	-1.3472014	-1.4257743	-1.5153938	-1.5842302
8.8137931	0.000381503	1.2012463	1.17837	1.1602533	1.2076178	1.4002428	1.6465581	1.3741443	1.2215513	1.3451385	1.4300251	1.5406133	1.6775363	1.8280084	1.9399858	-1.459949	-1.2422474	-1.2546076	-1.1641278	-1.1641284	-1.3157378	-1.2128275	-1.1473285	-1.099773	-1.0731211	-1.0740381	-1.0973163	-1.133686	-1.1785653	-1.2305005	-1.2897941	-1.3579667	-1.4372198	-1.5257393	-1.5870859
11.751724	0.000381503	1.2083949	1.1862945	1.168663	1.2172391	1.4123226	1.6463589	1.366248	1.2273464	1.354892	1.4402422	1.5508376	1.6860223	1.8299974	1.9280641	-1.4597806	-1.2498468	-1.2584715	-1.1698358	-1.1715919	-1.3231736	-1.2151975	-1.1509927	-1.1047155	-1.0792226	-1.0813385	-1.1059125	-1.1436072	-1.189804	-1.2430536	-1.3036737	-1.3731417	-1.4532338	-1.5396201	-1.5889956
14.689655	0.000381503	1.2175661	1.1964394	1.1794287	1.2295415	1.4276134	1.6443515	1.3573185	1.2350611	1.367228	1.4530665	1.5634584	1.6959816	1.8309968	1.9117818	-1.4595834	-1.259477	-1.2634895	-1.177268	-1.181282	-1.332615	-1.2183817	-1.1558701	-1.1112445	-1.0872442	-1.090902	-1.1171464	-1.1565507	-1.2044482	-1.2593938	-1.3217185	-1.3928144	-1.4737486	-1.5561964	-1.5876115
17.627586	0.000381503	1.2287445	1.2087736	1.1925166	1.2444754	1.4459188	1.6393855	1.3481691	1.2448377	1.3819947	1.4682625	1.5780712	1.7066836	1.8299015	1.8901281	-1.4593491	-1.2710355	-1.2697088	-1.1865002	-1.193267	-1.343963	-1.2224826	-1.162086	-1.1194924	-1.097317	-1.1028614	-1.1311533	-1.1726559	-1.2226419	-1.2796683	-1.3440712	-1.4170802	-1.4985818	-1.5739963	-1.5797481
20.565517	0.000381503	1.2419146	1.2232644	1.2078918	1.2619864	1.4669842	1.630311	1.339678	1.2568027	1.3990123	1.485545	1.5941755	1.7172306	1.8254686	1.862533	-1.4590363	-1.2844054	-1.2771737	-1.1976181	-1.2076264	-1.3570884	-1.2276346	-1.1697963	-1.1296237	-1.1096057	-1.117381	-1.1481003	-1.1920949	-1.2445621	-1.304057	-1.3709006	-1.4460197	-1.5273123	-1.5905265	-1.561691
23.503448	0.000381503	1.2570633	1.2398815	1.2255212	1.2820186	1.490481	1.6161456	1.332703	1.2710521	1.418076	1.5045792	1.6111706	1.7265695	1.8164182	1.8287027	-1.4586721	-1.2994627	-1.285961	-1.2107318	-1.2244573	-1.371832	-1.2340011	-1.1791931	-1.1418344	-1.1243065	-1.1346576	-1.1681879	-1.2150731	-1.2704198	-1.3327719	-1.4023937	-1.4796533	-1.5590463	-1.6017924	-1.5301716
26.441379	0.000381503	1.2741813	1.2585995	1.245377	1.3045179	1.5159817	1.5962807	1.3280354	1.2876428	1.4389566	1.5249771	1.6283474	1.7335083	1.8015557	1.7887115	-1.458343	-1.3161133	-1.2961439	-1.2259774	-1.2438648	-1.3879977	-1.2417808	-1.1905012	-1.156359	-1.1416519	-1.1549221	-1.1916501	-1.2418303	-1.3004598	-1.3660543	-1.4387401	-1.51785	-1.5919762	-1.6020272	-1.484038
29.37931	0.000381503	1.2932662	1.2794018	1.2674407	1.3294345	1.5429208	1.5706637	1.3263382	1.3065919	1.4613995	1.546289	1.6448763	1.7367488	1.7799018	1.7430246	-1.4580899	-1.3342635	-1.3078331	-1.2435043	-1.2659638	-1.4053522	-1.2512086	-1.2039852	-1.1734686	-1.16191	-1.1784413	-1.2187568	-1.2726419	-1.3349613	-1.4041703	-1.4800998	-1.5601377	-1.6226157	-1.5844383	-1.4258678
32.317241	0.000381503	1.3143243	1.3022834	1.2917056	1.3567242	1.5705336	1.5398834	1.3281202	1.3278812	1.4851176	1.567987	1.659788	1.7349326	1.750817	1.692463	-1.4580181	-1.3538654	-1.32114	-1.2634997	-1.2908729	-1.4236254	-1.2625613	-1.2199531	-1.193477	-1.1853886	-1.2055198	-1.2498147	-1.3078196	-1.374236	-1.4473995	-1.5265333	-1.6053035	-1.6447148	-1.5439435	-1.3621025
35.255172	0.000381503	1.3373731	1.3272537	1.3181806	1.3863485	1.5977753	1.505156	1.3337443	1.3514654	1.5097799	1.5894406	1.671956	1.7267137	1.7140962	1.6381019	-1.4582453	-1.3748677	-1.3362171	-1.2861638	-1.3187124	-1.4425126	-1.2761614	-1.2387555	-1.2167404	-1.2124379	-1.2365011	-1.2851689	-1.3477115	-1.4186253	-1.4960102	-1.5778466	-1.6505733	-1.6485838	-1.4813257	-1.3010823
38.193103	0.000381503	1.3624431	1.3543392	1.346892	1.4182714	1.6232206	1.468209	1.3434296	1.3772816	1.5349925	1.6098833	1.6800878	1.7108779	1.6700248	1.5811701	-1.458913	-1.3972281	-1.3532335	-1.311732	-1.3495921	-1.4616831	-1.2923812	-1.2607978	-1.2436658	-1.2434511	-1.2717704	-1.3252038	-1.3927026	-1.4684919	-1.5502036	-1.6332369	-1.6900712	-1.6231649	-1.4053798	-1.2503868
41.131034	0.000381503	1.3895805	1.3835853	1.3778867	1.4524526	1.644982	1.4310841	1.3572852	1.4052588	1.5602713	1.6283765	1.6827481	1.6864889	1.6193784	1.5229352	-1.4601172	-1.4209541	-1.3723844	-1.3404762	-1.3836037	-1.4807904	-1.3116522	-1.2865388	-1.2747109	-1.27887	-1.3117568	-1.3703451	-1.4432118	-1.5242	-1.609981	-1.690478	-1.7127443	-1.5631942	-1.3297853	-1.2152866
44.068966	0.000381503	1.4188486	1.415059	1.4112337	1.4888351	1.660689	1.3959204	1.3753218	1.4353243	1.5850074	1.6437732	1.6784243	1.6530585	1.5633608	1.4646229	-1.4620141	-1.4460603	-1.3939011	-1.372686	-1.4208063	-1.4994902	-1.3344679	-1.3165015	-1.3103931	-1.3191875	-1.3569346	-1.4210589	-1.4996863	-1.5860676	-1.6748198	-1.7441261	-1.7024122	-1.4771124	-1.2670651	-1.1984712
47.006897	0.000381503	1.4503305	1.4488505	1.4470265	1.5273223	1.6676674	1.3647391	1.3974796	1.4674084	1.608424	1.654702	1.6656696	1.6107026	1.5034874	1.4073522	-1.4647532	-1.4725796	-1.4180653	-1.4086889	-1.4612082	-1.5174606	-1.3613952	-1.351279	-1.351292	-1.3649497	-1.4078255	-1.4778517	-1.5625843	-1.6542477	-1.7428575	-1.7822948	-1.6462812	-1.385167	-1.2250177	-1.2003724
49.944828	0.000381503	1.4841311	1.4850756	1.4853854	1.567739	1.663373	1.3392681	1.4236414	1.501446	1.6295311	1.6595856	1.6433114	1.5602122	1.4414299	1.3520937	-1.4684684	-1.5005557	-1.4451868	-1.4488395	-1.5047446	-1.5344292	-1.3930848	-1.3915441	-1.398056	-1.4167617	-1.4650001	-1.5412646	-1.6323331	-1.7284168	-1.808873	-1.7842924	-1.5505842	-1.3076446	-1.2066887	-1.2196476
52.882759	0.000381503	1.5203796	1.5238779	1.5264597	1.6097672	1.6461042	1.3208048	1.4536444	1.5373772	1.6470757	1.6567199	1.610689	1.5030008	1.3788491	1.2996388	-1.4732778	-1.5300552	-1.4756424	-1.4935151	-1.5512516	-1.5502071	-1.4302848	-1.4380582	-1.4514093	-1.4752885	-1.5290767	-1.611859	-1.7092161	-1.8069269	-1.8599606	-1.7293921	-1.4428151	-1.2564887	-1.2116328	-1.2538409
55.82069	0.000381503	1.5592323	1.5654324	1.5704308	1.6528372	1.6157309	1.3101504	1.4873014	1.5751432	1.6595068	1.6444241	1.56785	1.4409178	1.3172331	1.250577	-1.4793146	-1.56117	-1.5098649	-1.5431061	-1.6004349	-1.5647117	-1.4738506	-1.4916826	-1.5121585	-1.5412591	-1.6007188	-1.6901771	-1.7930575	-1.8844881	-1.87055	-1.6215994	-1.3525044	-1.2354641	-1.2371417	-1.3000509
58.758621	0.000381503	1.6008765	1.6099485	1.6175158	1.6959508	1.5740606	1.3076384	1.5244268	1.6146784	1.6649648	1.6212669	1.5156283	1.3759782	1.2577961	1.2052915	-1.4866868	-1.5939851	-1.54836	-1.5980036	-1.6518421	-1.5780042	-1.5247678	-1.5533911	-1.5811977	-1.6154681	-1.6806211	-1.7766282	-1.8822936	-1.9465111	-1.8115709	-1.4976387	-1.2957661	-1.243084	-1.2793687	-1.3554616
61.696552	0.000381503	1.6455344	1.6576749	1.6679719	1.737415	1.5246238	1.3132421	1.5648561	1.655895	1.6613459	1.5863461	1.4555685	1.3101248	1.2014382	1.1639832	-1.495515	-1.6285945	-1.5917301	-1.6585666	-1.7048336	-1.5903082	-1.5841703	-1.624281	-1.6595174	-1.6987737	-1.7694703	-1.8711489	-1.9711863	-1.9610801	-1.6869229	-1.3972796	-1.2762566	-1.2749718	-1.3343094	-1.4176497
64.634483	0.000381503	1.6934683	1.7089056	1.7221018	1.7744825	1.471981	1.326705	1.6084634	1.698657	1.6464903	1.5395717	1.3897316	1.2450594	1.1487785	1.126714	-1.5059061	-1.665109	-1.6406814	-1.7250921	-1.7585704	-1.6020364	-1.6533606	-1.7055898	-1.7482092	-1.7920872	-1.867824	-1.972115	-2.0422441	-1.8901338	-1.5464772	-1.3396002	-1.2906537	-1.3256298	-1.3984313	-1.4846284
67.572414	0.000381503	1.7449873	1.7639865	1.7802605	1.8030134	1.4208825	1.3476668	1.6551644	1.7427421	1.6185379	1.4818522	1.3204396	1.1821756	1.1002102	1.093453	-1.5179135	-1.7036487	-1.6960345	-1.7977586	-1.8120192	-1.613802	-1.733839	-1.798709	-1.848471	-1.8963331	-1.975713	-2.0727508	-2.0543515	-1.7425426	-1.4402643	-1.3266924	-1.332366	-1.3898135	-1.4689081	-1.5547119
70.510345	0.000381503	1.8004554	1.8233249	1.8428637	1.817501	1.3755932	1.3757129	1.7049116	1.7877814	1.5764173	1.4151151	1.2500218	1.1225634	1.0559664	1.0641119	-1.5316324	-1.7443354	-1.7587658	-1.8765531	-1.8639941	-1.6264341	-1.8273324	-1.9052023	-1.9616031	-2.01231	-2.0912466	-2.1504113	-1.9603044	-1.5869908	-1.3876831	-1.3523969	-1.3940626	-1.4632291	-1.5434985	-1.626246
73.448276	0.000381503	1.8603014	1.8874008	1.9103978	1.8120499	1.3395081	1.4104209	1.75768	1.8331705	1.5203474	1.3420915	1.1806189	1.0670412	1.0161722	1.0385747	-1.5471414	-1.7873011	-1.8300119	-1.9611749	-1.9132355	-1.6409846	-1.935827	-2.0268244	-2.0889734	-2.140185	-2.2055111	-2.1497705	-1.7839897	-1.4815355	-1.3873018	-1.4074239	-1.4693546	-1.5426264	-1.6202277	-1.6972919
76.386207	0.000381503	1.9250322	1.956782	1.9834327	1.7826455	1.3150104	1.4513682	1.8134469	1.8779322	1.4520993	1.2659241	1.1140448	1.0161906	0.9808704	1.0166959	-1.5645005	-1.8326769	-1.9111035	-2.0509289	-1.9585409	-1.658751	-2.061614	-2.1655379	-2.2318617	-2.2775029	-2.2861049	-2.0175182	-1.6186821	-1.4417818	-1.4290972	-1.4826162	-1.5533995	-1.625444	-1.6969628	-1.7652519
79.324138	0.000381503	1.9952491	2.032142	2.0626364	1.7299005	1.3034671	1.4981549	1.8721583	1.9205095	1.3748279	1.1897029	1.0517064	0.97037926	0.9500303	0.99829074	-1.5838239	-1.8806124	-2.0035816	-2.1446123	-1.998935	-1.681304	-2.207341	-2.323505	-2.3907957	-2.4110113	-2.255265	-1.8104871	-1.5239768	-1.4606197	-1.500776	-1.5707259	-1.6426556	-1.7092439	-1.7709287	-1.8264151
82.262069	0.000381503	2.0716694	2.114285	2.1487922	1.6602369	1.3053577	1.5504323	1.9336743	1.9584733	1.2924902	1.1160793	0.99458166	0.92978053	0.92354413	0.98311357	-1.6051862	-1.9312878	-2.1091747	-2.2404249	-2.033855	-1.7105425	-2.376082	-2.5029507	-2.5625227	-2.4888174	-2.067	-1.6474554	-1.5066233	-1.5232752	-1.591696	-1.6666454	-1.7341919	-1.7910957	-1.8381801	-1.875406
85.2	0.000381503	2.1551535	2.2041769	2.2428164	1.5843198	1.3204578	1.6079338	1.9976777	1.9881718	1.209108	1.0470639	0.94325352	0.89440183	0.9012286	0.97082601	-1.6287709	-1.9849039	-2.229782	-2.3359545	-2.0633447	-1.7487989	-2.5714088	-2.7053675	-2.7257346	-2.4001333	-1.8371036	-1.5774364	-1.5518358	-1.6146451	-1.6942211	-1.766566	-1.824762	-1.8667957	-1.8928106	-1.9042921
