r(x_rel=0.5)	t=0	t=100	t=200	t=400	t=800	t=1000	t=1200	t=1400	t=1600	t=2000	t=2100	t=2200	t=2300	t=2400	t=2500	t=3600	t=3660	t=4000	t=4100	t=4200	t=4400	t=4800	t=4900	t=5000	t=5100	t=5200	t=5300	t=5400	t=5500	t=5600	t=5700	t=5800	t=5900	t=6000	t=6090
0	29866	29739.091	29144.696	27696.623	24760.473	23201.303	21521.212	19962.623	18509.993	15472.529	14661.014	13817.189	12942.893	12054.309	11179.763	2271.257	1956.3441	3892.1774	4644.7572	5370.7915	6846.4157	9883.8321	10594.072	11285.594	11966.414	12645.225	13333.436	14044.435	14789.131	15574.164	16402.994	17273.861	18167.003	19030.299	19734.575
0.20206897	29866	29735.639	29138.936	27690.57	24754.329	23194.551	21514.292	19956.612	18503.969	15465.964	14654.194	13810.086	12935.572	12046.973	11172.674	2265.1598	1953.4982	3898.5326	4650.8168	5376.7155	6852.7047	9889.7796	10599.836	11291.237	11972.002	12650.836	13339.18	14050.422	14795.433	15580.818	16410.018	17281.206	18174.386	19037.149	19740.64
0.40413793	29866	29732.164	29133.174	27684.516	24748.184	23187.796	21507.374	19950.603	18497.944	15459.399	14647.373	13802.981	12928.251	12039.637	11165.586	2259.069	1950.6874	3904.8865	4656.8753	5382.6394	6858.9948	9895.7262	10605.6	11296.879	11977.591	12656.448	13344.926	14056.411	14801.735	15587.474	16417.043	17288.552	18181.767	19043.995	19746.701
0.6062069	29866	29727.251	29125.101	27676.042	24739.58	23178.336	21497.693	19942.191	18489.508	15450.205	14637.821	13793.033	12918	12029.369	11155.667	2250.5554	1946.8273	3913.7793	4665.355	5390.9329	6867.8031	9904.0495	10613.668	11304.778	11985.414	12664.305	13352.971	14064.798	14810.562	15596.795	16426.882	17298.839	18192.1	19053.572	19755.178
0.80827586	29866	29720.649	29114.383	27664.801	24728.164	23165.78	21484.856	19931.037	18478.315	15438.006	14625.145	13779.831	12904.399	12015.748	11142.514	2239.2864	1941.8412	3925.5712	4676.5994	5401.9345	6879.4916	9915.0871	10624.367	11315.255	11995.791	12674.729	13363.647	14075.928	14822.277	15609.165	16439.94	17312.488	18205.803	19066.263	19766.408
1.0103448	29866	29712.222	29100.903	27650.678	24713.817	23149.995	21468.738	19917.03	18464.248	15422.673	14609.213	13763.237	12887.308	11998.639	11125.998	2225.1677	1935.7943	3940.3792	4690.7206	5415.757	6894.1835	9928.9493	10637.806	11328.415	12008.829	12687.828	13377.065	14089.919	14837.003	15624.717	16456.355	17329.644	18223.014	19082.186	19780.496
1.2124138	29866	29701.852	29084.602	27633.623	24696.484	23130.912	21449.286	19900.121	18447.253	15404.146	14589.959	13743.185	12866.66	11977.979	11106.064	2208.1758	1928.8169	3958.2531	4707.7665	5432.4518	6911.9374	9945.6838	10654.032	11344.308	12024.575	12703.65	13393.279	14106.828	14854.802	15643.513	16476.195	17350.375	18243.794	19101.387	19797.478
1.4144828	29866	29689.422	29065.44	27613.606	24676.133	23108.494	21426.478	19880.287	18427.299	15382.389	14567.347	13719.635	12842.418	11953.737	11082.687	2188.3193	1921.0896	3979.2163	4727.7602	5452.0469	6932.7879	9965.3139	10673.069	11362.957	12043.056	12722.226	13412.318	14126.689	14875.71	15665.593	16499.499	17374.719	18268.172	19123.878	19817.364
1.6165517	29866	29674.807	29043.391	27590.613	24652.742	23082.709	21400.304	19857.518	18404.365	15357.378	14541.349	13692.562	12814.558	11925.896	11055.855	2165.6282	1912.84	4003.2794	4750.7122	5474.5592	6956.7586	9987.8507	10694.928	11384.375	12064.285	12743.571	13434.205	14149.526	14899.753	15690.984	16526.298	17402.704	18296.162	19149.658	19840.148
1.8186207	29866	29657.875	29018.428	27564.633	24626.298	23053.533	21370.767	19831.807	18378.437	15329.095	14511.946	13661.945	12783.063	11894.447	11025.568	2140.1499	1904.3445	4030.4454	4776.6265	5500.0003	6983.8677	10013.299	10719.617	11408.572	12088.274	12767.698	13458.956	14175.357	14926.952	15719.709	16556.613	17434.35	18327.771	19178.713	19865.818
2.0206897	29866	29638.492	28990.531	27535.659	24596.787	23020.944	21337.871	19803.155	18349.502	15297.523	14479.121	13627.765	12747.921	11859.386	10991.828	2111.9501	1895.9308	4060.7126	4805.5027	5528.3785	7014.1306	10041.659	10747.137	11435.551	12115.028	12794.617	13486.584	14204.201	14957.325	15751.787	16590.465	17469.673	18362.999	19211.023	19894.353
2.2227586	29866	29616.516	28959.677	27503.688	24564.197	22984.92	21301.63	19771.561	18317.55	15262.65	14442.856	13590.007	12709.121	11820.712	10954.643	2081.1148	1887.982	4094.0758	4837.3374	5559.7008	7047.5612	10072.929	10777.489	11465.315	12144.551	12824.336	13517.102	14236.072	14990.89	15787.238	16627.874	17508.688	18401.841	19246.562	19925.729
2.4248276	29866	29591.806	28925.849	27468.716	24528.519	22945.439	21262.06	19737.029	18282.573	15224.46	14403.135	13548.657	12666.653	11778.427	10914.024	2047.7551	1880.9403	4130.5271	4872.1251	5593.9733	7084.1726	10107.104	10810.67	11497.864	12176.848	12856.862	13550.523	14270.986	15027.666	15826.08	16668.859	17551.409	18444.29	19285.296	19959.915
2.6268966	29866	29564.225	28889.025	27430.742	24489.742	22902.479	21219.18	19699.562	18244.561	15182.941	14359.944	13503.698	12620.509	11732.536	10869.985	2012.0132	1875.3114	4170.0565	4909.8587	5631.2017	7123.9777	10144.178	10846.678	11533.198	12211.92	12892.203	13586.858	14308.959	15067.669	15868.332	16713.438	17597.849	18490.334	19327.189	19996.879
2.8289655	29866	29533.635	28849.188	27389.764	24447.855	22856.017	21173.014	19659.164	18203.507	15138.078	14313.266	13455.115	12570.682	11683.044	10822.541	1974.0715	1871.668	4212.6515	4950.5301	5671.3922	7166.989	10184.144	10885.508	11571.316	12249.77	12930.364	13626.119	14350.008	15110.918	15914.016	16761.632	17648.021	18539.958	19372.199	20036.587
3.0310345	29866	29499.908	28806.321	27345.782	24402.848	22806.028	21123.59	19615.836	18159.401	15089.857	14263.083	13402.894	12517.165	11629.961	10771.711	1934.1639	1870.6523	4258.2979	4994.1299	5714.5511	7213.2191	10226.993	10927.155	11612.217	12290.398	12971.353	13668.322	14394.15	15157.433	15963.15	16813.462	17701.936	18593.145	19420.277	20079.001
3.2331034	29866	29462.92	28760.405	27298.796	24354.708	22752.487	21070.941	19569.584	18112.237	15038.263	14209.379	13347.017	12459.952	11573.296	10717.515	1892.5912	1872.9765	4306.9794	5040.6483	5760.6858	7262.6805	10272.716	10971.614	11655.897	12333.806	13015.178	13713.478	14441.402	15207.234	16015.757	16868.948	17759.606	18649.871	19471.373	20124.08
3.4351724	29866	29422.555	28711.427	27248.805	24303.423	22695.366	21015.103	19520.407	18062.005	14983.28	14152.134	13287.47	12399.039	11513.062	10659.977	1849.7406	1879.4209	4358.678	5090.075	5809.8047	7315.3858	10321.303	11018.877	11702.355	12379.996	13061.846	13761.604	14491.785	15260.343	16071.861	16928.113	17821.044	18710.111	19525.429	20171.784
3.6372414	29866	29378.706	28659.372	27195.809	24248.979	22634.638	20956.115	19468.308	18008.698	14924.891	14091.329	13224.236	12334.419	11449.273	10599.12	1806.1111	1890.8265	4413.3735	5142.3994	5861.9173	7371.3474	10372.743	11068.939	11751.588	12428.969	13111.365	13812.715	14545.318	15316.782	16131.484	16990.981	17886.259	18773.833	19582.384	20222.071
3.8393103	29866	29331.274	28604.227	27139.81	24191.361	22570.273	20894.024	19413.286	17952.307	14863.077	14026.945	13157.296	12266.09	11381.945	10534.971	1762.3462	1908.0828	4471.044	5197.6111	5917.0345	7430.5774	10427.024	11121.792	11803.592	12480.726	13163.746	13866.828	14602.023	15376.576	16194.653	17057.576	17955.262	18841.001	19642.172	20274.897
4.0413793	29866	29280.167	28545.982	27080.807	24130.554	22502.239	20828.878	19355.339	17892.825	14797.821	13958.958	13086.634	12194.049	11311.098	10467.558	1719.2751	1932.1052	4531.6656	5255.6996	5975.1689	7493.0878	10484.133	11177.429	11858.365	12535.269	13218.998	13923.961	14661.922	15439.748	16261.395	17127.924	18028.063	18911.576	19704.722	20330.22
4.2434483	29866	29225.302	28484.627	27018.801	24066.539	22430.506	20760.732	19294.463	17830.243	14729.102	13887.347	13012.231	12118.295	11236.752	10396.913	1677.9656	1963.8006	4595.2127	5316.6554	6036.3351	7558.8899	10544.059	11235.842	11915.904	12592.599	13277.132	13984.134	14725.04	15506.327	16331.736	17202.051	18104.67	18985.508	19769.958	20387.997
4.4455172	29866	29166.608	28420.155	26953.792	23999.297	22355.039	20689.645	19230.652	17764.553	14656.898	13812.088	12934.07	12038.826	11158.931	10323.067	1639.7915	2004.0163	4661.658	5380.4692	6100.5495	7627.9944	10606.788	11297.024	11976.204	12652.719	13338.161	14047.368	14791.4	15576.339	16405.708	17279.984	18185.09	19062.745	19837.802	20448.186
4.6475862	29866	29104.024	28352.56	26885.781	23928.807	22275.807	20615.681	19163.898	17695.747	14581.188	13733.156	12852.132	11955.645	11077.663	10246.053	1606.5181	2053.4645	4730.9728	5447.1332	6167.8307	7700.4112	10672.307	11360.966	12039.264	12715.633	13402.097	14113.684	14861.031	15649.814	16483.34	17361.753	18269.326	19143.226	19908.169	20510.747
4.8496552	29866	29037.502	28281.839	26814.768	23855.046	22192.774	20538.908	19094.191	17623.817	14501.947	13650.526	12766.398	11868.755	10992.975	10165.908	1580.4105	2112.6164	4803.127	5516.6408	6238.1998	7776.1489	10740.602	11427.661	12105.08	12781.342	13468.957	14183.105	14933.96	15726.782	16564.665	17447.386	18357.383	19226.881	19980.973	20575.641
5.0517241	29866	28967.012	28207.992	26740.753	23777.989	22105.907	20459.399	19021.52	17548.754	14419.151	13564.17	12676.85	11778.16	10904.902	10082.668	1564.3718	2181.5535	4878.0894	5588.9869	6311.6803	7855.2148	10811.659	11497.1	12173.649	12849.851	13538.756	14255.658	15010.216	15807.277	16649.716	17536.913	18449.259	19313.635	20056.124	20642.834
5.2537931	29866	28892.539	28131.018	26663.738	23697.607	22015.171	20377.23	18945.869	17470.551	14332.772	13474.06	12583.47	11683.869	10813.479	9996.3712	1562.1197	2259.7625	4955.8283	5664.1688	6388.2982	7937.6145	10885.464	11569.276	12244.968	12921.165	13611.511	14331.368	15089.831	15891.33	16738.53	17630.365	18544.95	19403.402	20133.53	20712.293
5.4558621	29866	28814.086	28050.92	26583.721	23613.872	21920.535	20292.479	18867.223	17389.199	14242.784	13380.168	12486.24	11585.891	10718.745	9907.0566	1578.4103	2345.8551	5036.3113	5742.1862	6468.0824	8023.3515	10962.002	11644.181	12319.036	12995.289	13687.242	14410.264	15172.836	15978.979	16831.141	17727.773	18644.448	19496.086	20213.098	20783.988
5.657931	29866	28731.675	27967.704	26500.704	23526.749	21821.968	20205.225	18785.564	17304.691	14149.156	13282.464	12385.143	11484.24	10620.741	9814.7635	1619.3272	2437.1866	5119.506	5823.0417	6551.0642	8112.4269	11041.26	11721.808	12395.849	13072.23	13765.97	14492.375	15259.266	16070.258	16927.589	17829.169	18747.738	19591.583	20294.735	20857.895
5.86	29866	28645.366	27881.395	26414.706	23436.224	21719.465	20115.568	18700.895	17217.038	14051.882	13180.941	12280.189	11378.957	10519.537	9719.5528	1692.5414	2529.3414	5205.3613	5906.722	6637.2572	8204.817	11123.204	11802.129	12475.387	13151.977	13847.699	14577.712	15349.134	16165.184	17027.887	17934.558	18854.776	19689.757	20378.335	20933.974
