r(x_rel=1)	t=0	t=100	t=200	t=400	t=800	t=1000	t=1200	t=1400	t=1600	t=2000	t=2100	t=2200	t=2300	t=2400	t=2500	t=3600	t=3660	t=4000	t=4100	t=4200	t=4400	t=4800	t=4900	t=5000	t=5100	t=5200	t=5300	t=5400	t=5500	t=5600	t=5700	t=5800	t=5900	t=6000	t=6090
0	29866	29687.669	28798.812	26505.81	21878.83	20110.517	18634.262	16925.519	14871.181	11037.985	10330.325	9722.6375	9187.4181	8694.5182	8213.9445	2119.982	1869.7391	4405.9278	5469.4183	6644.3399	8851.8573	13013.013	14302.04	15688.578	17111.688	18457.684	19602.805	20542.699	21386.061	22226.164	23099.962	24013.598	24962.355	25938.415	26833.187
0.20206897	29866	29682.737	28789.941	26496.04	21870.264	20104.307	18628.048	16917.611	14862.317	11031.699	10324.955	9717.9898	9183.242	8690.5659	8209.9678	2114.7608	1867.7071	4414.0622	5478.7939	6654.2837	8860.0768	13023.17	14313.164	15700.332	17123.4	18468.15	19611.236	20549.785	21392.874	22233.202	23107.34	24021.295	24970.312	25946.563	26841.446
0.40413793	29866	29677.771	28781.064	26486.271	21861.704	20098.101	18621.831	16909.701	14853.453	11025.417	10319.588	9713.3446	9179.0673	8686.6139	8205.9905	2109.5427	1865.7118	4422.2002	5488.1756	6664.2266	8868.2926	13033.332	14324.291	15712.088	17135.11	18478.609	19619.657	20556.868	21399.688	22240.24	23114.719	24028.994	24978.271	25954.711	26849.706
0.6062069	29866	29670.744	28768.624	26472.593	21849.731	20089.418	18613.122	16898.617	14841.043	11016.632	10312.083	9706.8465	9173.2256	8681.0822	8200.4208	2102.244	1862.9971	4433.6015	5501.3226	6678.1445	8879.7869	13047.568	14339.877	15728.55	17151.499	18493.233	19631.429	20566.778	21409.228	22250.098	23125.053	24039.776	24989.415	25966.12	26861.27
0.80827586	29866	29661.295	28752.102	26454.448	21833.869	20077.913	18601.558	16883.9	14824.581	11004.993	10302.139	9698.236	9165.4819	8673.7457	8193.0301	2092.5746	1859.5371	4448.7399	5518.7851	6696.6031	8895.0207	13066.471	14360.566	15750.394	17173.232	18512.602	19647.014	20579.914	21421.886	22263.179	23138.767	24054.082	25004.201	25981.256	26876.611
1.0103448	29866	29649.22	28731.312	26431.65	21813.97	20063.478	18587.013	16865.387	14803.897	10990.395	10289.667	9687.4323	9155.761	8664.5304	8183.7404	2080.447	1855.4185	4467.7832	5540.7608	6719.7881	8914.1387	13090.249	14386.581	15777.848	17200.524	18536.888	19666.544	20596.402	21437.792	22279.623	23156.006	24072.063	25022.784	26000.278	26895.889
1.2124138	29866	29634.342	28706.155	26404.112	21789.984	20046.073	18569.421	16842.994	14778.916	10972.801	10274.635	9674.4055	9144.0325	8653.4039	8172.5145	2065.8326	1850.787	4490.8186	5567.3551	6747.7805	8937.1973	13119.01	14418.032	15811.021	17233.468	18566.148	19690.058	20616.292	21457.008	22299.497	23176.84	24093.792	25045.237	26023.257	26919.175
1.4144828	29866	29616.48	28676.565	26371.79	21761.897	20025.683	18548.739	16816.664	14749.595	10952.201	10257.033	9659.1459	9130.2838	8640.3495	8159.3305	2048.7297	1845.8379	4517.9051	5598.6405	6780.6196	8964.2173	13152.825	14454.99	15849.975	17272.106	18600.387	19717.555	20639.604	21479.569	22322.839	23201.31	24119.31	25071.602	26050.236	26946.512
1.6165517	29866	29595.442	28642.487	26334.653	21729.718	20002.31	18524.934	16786.353	14715.912	10928.603	10236.869	9641.6547	9114.5112	8625.3582	8144.173	2029.1544	1840.815	4549.0913	5634.6769	6818.3242	8995.2012	13191.749	14497.505	15894.754	17316.455	18639.585	19749.011	20666.344	21505.497	22349.679	23229.445	24148.645	25101.905	26081.241	26977.922
1.8186207	29866	29571.02	28603.873	26292.684	21693.469	19975.962	18497.973	16752.022	14677.85	10902.023	10214.154	9621.9397	9096.7162	8608.4253	8127.0298	2007.1378	1836.0138	4584.4231	5675.5191	6860.9007	9030.1412	13235.834	14545.621	15945.386	17366.52	18683.702	19784.385	20696.509	21534.81	22380.038	23261.269	24181.82	25136.168	26116.29	27013.425
2.0206897	29866	29542.998	28560.678	26245.868	21653.182	19946.655	18467.828	16713.632	14635.4	10872.485	10188.909	9600.0132	9076.9036	8589.5482	8107.8902	1982.7275	1831.7848	4623.9475	5721.2204	6908.3468	9069.0222	13285.127	14599.377	16001.899	17422.294	18732.683	19823.628	20730.09	21567.519	22413.937	23296.8	24218.854	25174.407	26155.398	27053.033
2.2227586	29866	29511.15	28512.856	26194.196	21608.9	19914.405	18434.468	16671.145	14588.556	10840.019	10161.158	9575.8909	9055.0807	8568.7257	8086.7439	1955.9905	1828.5388	4667.7148	5771.8345	6960.653	9111.8242	13339.678	14658.813	16064.315	17483.762	18786.461	19866.683	20767.076	21603.639	22451.393	23336.059	24259.762	25216.637	26198.578	27096.757
2.4248276	29866	29475.244	28460.363	26137.658	21560.671	19879.234	18397.86	16624.521	14537.316	10804.659	10130.928	9549.5916	9031.2566	8545.9579	8063.5804	1927.0182	1826.7518	4715.7806	5827.4159	7017.8034	9158.5236	13399.536	14723.965	16132.653	17550.903	18844.958	19913.483	20807.454	21643.179	22492.425	23379.063	24304.562	25262.872	26245.84	27144.604
2.6268966	29866	29435.046	28403.154	26076.249	21508.552	19841.163	18357.97	16573.719	14481.678	10766.444	10098.252	9521.1363	9005.4418	8521.245	8038.3889	1895.933	1826.9702	4768.2064	5888.0201	7079.7759	9209.0941	13464.754	14794.872	16206.931	17623.688	18908.081	19963.957	20851.207	21686.152	22537.051	23425.83	24353.269	25313.124	26297.194	27196.583
2.8289655	29866	29390.326	28341.186	26009.963	21452.61	19800.218	18314.76	16518.694	14421.643	10725.417	10063.163	9490.5481	8977.648	8494.5875	8011.1575	1862.8982	1829.8159	4825.0613	5953.7035	7146.5418	9263.5073	13535.387	14871.576	16287.168	17702.081	18975.73	20018.029	20898.322	21732.569	22585.291	23476.379	24405.899	25367.406	26352.651	27252.701
3.0310345	29866	29340.854	28274.414	25938.793	21392.917	19756.42	18268.191	16459.403	14357.216	10681.625	10025.7	9457.852	8947.8879	8465.9861	7981.8737	1828.1294	1835.99	4886.4221	6024.5224	7218.0656	9321.7336	13611.492	14954.115	16373.38	17786.041	19047.79	20075.618	20948.782	21782.443	22637.164	23530.729	24462.468	25425.732	26412.219	27312.963
3.2331034	29866	29286.409	28202.796	25862.734	21329.553	19709.794	18218.219	16395.796	14288.401	10635.119	9985.9034	9423.0747	8916.1748	8435.4412	7950.5233	1791.9108	1846.2754	4952.3746	6100.5329	7294.3044	9383.7426	13693.132	15042.533	16465.582	17875.516	19124.137	20136.643	21002.573	21835.788	22692.69	23588.899	24522.993	25488.114	26475.907	27377.376
3.4351724	29866	29226.778	28126.292	25781.783	21262.607	19660.364	18164.797	16327.826	14215.206	10585.952	9943.8153	9386.2441	8882.5227	8402.9528	7917.0911	1754.6156	1861.5361	5023.0142	6181.7895	7375.2076	9449.5035	13780.368	15136.872	16563.79	17970.448	19204.634	20201.019	21059.68	21892.618	22751.893	23650.91	24587.491	25554.564	26543.724	27445.946
3.6372414	29866	29161.754	28044.861	25695.934	21192.177	19608.15	18107.876	16255.441	14137.64	10534.183	9899.4809	9347.3895	8846.9458	8368.5205	7881.5598	1716.7322	1882.7127	5098.4463	6268.3446	7460.7163	9518.9863	13873.268	15237.175	16668.015	18070.768	19289.132	20268.661	21120.092	21952.95	22814.793	23716.783	24655.98	25625.098	26615.68	27518.677
3.8393103	29866	29091.144	27958.467	25605.183	21118.368	19553.172	18047.401	16178.589	14055.715	10479.871	9852.9476	9306.5414	8809.4587	8332.1431	7843.9108	1678.8978	1910.8114	5178.7867	6360.2463	7550.7627	9592.1618	13971.9	15343.489	16778.27	18176.398	19377.471	20339.485	21183.797	22016.802	22881.416	23786.541	24728.478	25699.727	26691.783	27595.576
4.0413793	29866	29014.763	27867.075	25509.525	21041.295	19495.447	17983.314	16097.216	13969.445	10423.08	9804.2646	9263.7308	8770.0762	8293.8185	7804.1231	1641.9415	1946.8846	5264.1626	6457.538	7645.2697	9669.0024	14076.337	15455.858	16894.566	18287.248	19469.48	20413.406	21250.787	22084.193	22951.787	23860.206	24805.004	25778.466	26772.043	27676.648
4.2434483	29866	28932.439	27770.652	25408.955	20961.082	19434.988	17915.552	16011.268	13878.846	10363.877	9753.4826	9218.99	8728.8129	8253.5438	7762.1737	1606.9389	1991.9988	5354.7121	6560.2561	7744.1508	9749.4827	14186.651	15574.328	17016.908	18403.213	19564.976	20490.346	21321.057	22155.145	23025.932	23937.803	24885.576	25861.33	26856.468	27761.898
4.4455172	29866	28844.016	27669.169	25303.471	20877.862	19371.806	17844.048	15920.689	13783.937	10302.33	9700.6544	9172.3513	8685.6831	8211.3146	7718.0371	1575.2815	2047.1857	5450.5846	6668.4285	7847.3092	9833.5803	14302.919	15698.944	17145.303	18524.176	19663.765	20570.228	21394.603	22229.681	23103.879	24019.356	24970.216	25948.332	26945.068	27851.33
4.6475862	29866	28749.353	27562.6	25193.065	20791.778	19305.904	17768.733	15825.423	13684.741	10238.512	9645.8338	9123.8476	8640.7008	8167.1254	7671.6853	1548.7653	2113.3699	5551.9409	6782.0728	7954.6384	9921.2765	14425.219	15829.752	17279.752	18650.002	19765.644	20652.979	21471.425	22307.827	23185.656	24104.89	25058.942	26039.487	27037.852	27944.949
4.8496552	29866	28648.334	27450.921	25077.736	20702.983	19237.284	17689.528	15725.418	13581.284	10172.496	9589.0757	9073.5122	8593.8794	8120.9689	7623.0875	1529.7028	2191.2657	5658.9518	6901.194	8066.0219	10012.557	14553.63	15966.798	17420.252	18780.541	19870.401	20738.534	21551.527	22389.611	23271.294	24194.433	25151.777	26134.811	27134.828	28042.761
5.0517241	29866	28540.863	27334.115	24957.477	20611.64	19165.938	17606.354	15620.618	13473.592	10104.359	9530.4362	9021.3781	8545.2315	8072.8361	7572.2095	1521.0652	2281.2302	5771.7982	7025.7823	8181.3337	10107.411	14688.233	16110.126	17566.797	18915.618	19977.82	20826.833	21634.917	22475.063	23360.824	24288.011	25248.741	26234.317	27236.006	28144.769
5.2537931	29866	28426.872	27212.165	24832.285	20517.92	19091.856	17519.124	15510.973	13361.7	10034.179	9469.9718	8967.4782	8494.7688	8022.7158	7519.0142	1526.6637	2383.0615	5890.6685	7155.811	8300.4387	10205.837	14829.108	16259.779	17719.374	19055.041	20087.68	20917.822	21721.607	22564.214	23454.279	24385.652	25349.857	26338.022	27341.394	28250.977
5.4558621	29866	28306.324	27085.057	24702.155	20422.005	19015.018	17427.747	15396.434	13245.64	9962.0368	9407.7394	8911.8453	8442.5018	7970.5948	7463.4607	1551.3794	2495.7197	6015.7573	7291.2335	8423.1939	10307.837	14976.339	16415.799	17877.963	19198.59	20199.76	21011.455	21811.612	22657.099	23551.691	24487.384	25455.145	26445.939	27451.001	28361.389
5.657931	29866	28179.207	26952.785	24567.082	20324.085	18935.398	17332.127	15276.956	13125.454	9888.015	9343.7961	8854.5113	8388.4394	7916.4572	7405.5041	1601.4565	2616.949	6147.2616	7431.9812	8549.4497	10413.421	15130.006	16578.226	18042.537	19346.019	20313.846	21107.693	21904.954	22753.753	23653.096	24593.236	25564.628	26558.085	27564.836	28476.009
5.86	29866	28045.578	26815.374	24427.097	20224.378	18852.984	17232.186	15152.531	13001.211	9812.2131	9278.2121	8795.5205	8332.6017	7860.2977	7345.1107	1684.7639	2742.75	6285.3401	7577.9257	8679.0247	10522.584	15290.15	16747.055	18213.016	19497.02	20429.714	21206.482	22001.635	22854.191	23758.503	24703.212	25678.301	26674.446	27682.877	28594.811
