x	t=0	t=100	t=200	t=400	t=800	t=1000	t=1200	t=1400	t=1600	t=2000	t=2100	t=2200	t=2300	t=2400	t=2500	t=3600	t=3660	t=4000	t=4100	t=4200	t=4400	t=4800	t=4900	t=5000	t=5100	t=5200	t=5300	t=5400	t=5500	t=5600	t=5700	t=5800	t=5900	t=6000	t=6090
0	1000	1712.9143	1760.9978	1761.535	1781.7744	1873.7683	1950.6298	1847.1069	1785.766	1847.8327	1888.344	1937.7239	1992.6505	2044.3701	2075.9663	1333.0217	559.39401	481.63695	494.67673	493.56225	470.95769	488.68749	497.814	504.33308	507.43318	505.00609	497.33073	487.40586	477.48507	468.58034	461.11032	455.30607	451.46123	450.28809	453.05424
2.937931	1000	1711.1764	1758.9895	1759.5393	1779.6846	1871.0589	1946.9598	1844.2858	1783.5824	1845.2814	1885.4927	1934.461	1988.8579	2040.1459	2071.3768	1331.6639	559.82366	482.05093	495.06177	493.94183	471.37728	489.08883	498.19588	504.70013	507.79075	505.36072	497.68874	487.77157	477.8615	468.97009	461.51615	455.73131	451.91027	450.76618	453.55854
5.8758621	1000	1705.9842	1752.996	1753.5832	1773.4478	1862.9805	1936.0424	1835.8954	1777.0704	1837.6746	1876.9952	1924.7409	1977.5638	2027.4695	2057.6145	1327.6237	561.1132	483.29423	496.21828	495.08212	472.6378	490.294	499.34271	505.80253	508.86477	506.42605	498.76431	488.8704	478.99265	470.14139	462.73586	457.00948	453.26007	452.20317	455.07346
8.8137931	1000	1697.4014	1743.1103	1743.7579	1763.1605	1849.6816	1918.1555	1822.1495	1766.3439	1825.1522	1863.0188	1908.7691	1959.0222	2006.3302	2034.6987	1320.9992	563.26446	485.37092	498.1505	496.98782	474.74454	492.3065	501.25809	507.64406	510.65927	508.20641	500.56219	490.70754	480.88418	472.10041	464.77619	459.14792	455.51861	454.60719	457.60496
11.751724	1000	1685.5319	1729.4831	1730.2115	1748.9788	1831.4049	1893.7577	1803.3894	1751.5867	1807.9414	1843.8372	1886.8851	1933.6611	1976.9704	2002.6629	1311.9465	566.28069	488.28784	500.86555	499.66685	477.70635	495.1322	503.9481	510.23112	513.18102	510.70908	503.09033	493.29169	483.54561	474.85753	467.64849	462.15906	458.69935	457.99179	461.16245
14.689655	1000	1670.5159	1712.3159	1713.1419	1731.1126	1808.4786	1863.4731	1780.061	1733.0433	1786.3478	1819.82	1859.5532	1902.0785	1940.5393	1962.3183	1300.6712	570.16681	492.05472	504.37357	503.13044	481.53573	498.77948	507.4214	513.5728	516.43966	513.94447	506.36007	496.63528	486.99051	478.42756	471.3689	466.06053	462.82135	462.37574	465.75791
17.627586	1000	1652.5251	1691.8522	1692.7887	1709.8162	1781.3027	1828.0605	1752.6851	1711.0068	1760.7414	1791.417	1827.3434	1865.0205	1898.0272	1915.5417	1287.4166	574.92983	496.68423	508.6878	507.39329	486.2489	503.25935	511.68936	517.6811	520.44786	517.92621	510.38632	500.75459	491.23666	482.82991	475.95863	470.87547	467.90944	467.78277	471.40449
20.565517	1000	1631.7569	1668.3671	1669.4226	1685.3773	1750.3305	1788.3652	1721.8234	1685.8045	1731.5392	1759.1352	1790.9005	1823.3382	1850.5707	1863.7569	1272.451	580.57925	502.19226	513.82483	512.47378	491.86595	508.58561	516.76633	522.57107	525.22157	522.67146	515.18777	505.67008	496.30642	488.08896	481.44429	476.63289	473.99448	474.24088	478.11459
23.503448	1000	1608.4272	1642.1555	1643.3341	1658.1055	1716.0452	1745.2607	1688.044	1657.783	1699.1846	1723.5119	1750.9059	1777.9275	1799.3546	1808.4134	1256.0566	587.1277	508.59802	519.80483	518.39424	498.41096	514.77515	522.66982	528.26114	530.78026	528.20115	520.78725	511.40669	502.22702	494.23444	487.85834	483.36805	481.11343	481.78099	485.89752
26.441379	1000	1582.7631	1613.5201	1614.822	1628.3187	1678.9369	1699.5915	1651.892	1627.2929	1664.1263	1685.0871	1708.0372	1729.6654	1745.51	1750.8443	1238.518	594.5915	515.92439	526.65183	525.18125	505.91221	521.84823	529.42091	534.77344	537.1473	534.54037	527.21209	517.99432	509.03112	501.30198	495.23961	491.12298	489.30924	490.43471	494.75737
29.37931	1000	1554.9961	1582.7612	1584.1825	1596.3325	1639.4806	1652.1275	1613.8664	1594.6762	1626.7999	1644.3782	1662.9325	1679.358	1690.0362	1692.1715	1220.1135	602.99133	524.19825	534.39413	532.86607	514.40239	529.82884	537.04458	542.13422	544.35037	541.71883	534.49462	525.4683	516.75727	509.33368	503.63396	499.94698	498.63019	500.23077	504.69206
32.317241	1000	1525.3555	1550.1669	1551.7007	1562.4496	1598.1196	1603.535	1574.4063	1560.2556	1587.6127	1601.8614	1616.166	1627.7065	1633.7603	1633.2701	1201.1097	612.35286	533.45086	543.06474	541.48505	523.91885	538.74517	545.57025	550.37436	552.42199	549.77136	542.67277	533.87004	525.45074	518.37888	513.09507	509.89692	509.12815	511.19082	515.69464
35.255172	1000	1494.0623	1516.0064	1517.6431	1526.9524	1555.2545	1554.365	1533.8847	1524.327	1546.9332	1557.9599	1568.2349	1575.2953	1577.3309	1574.7798	1181.7561	622.70742	543.71837	552.70197	551.08026	534.50394	548.63021	555.03237	559.53	561.40018	558.73866	551.79074	543.24783	535.16424	528.49509	523.68523	521.03731	520.85491	523.32594	527.75704
38.193103	1000	1461.3254	1480.5253	1482.2529	1490.0977	1511.2382	1505.0553	1492.6088	1487.1552	1505.0863	1513.0393	1519.557	1522.5944	1521.2347	1517.1423	1162.2843	634.09257	555.04246	563.35006	561.70014	546.20535	559.52239	565.47113	569.64324	571.32915	568.66798	561.8999	553.65776	545.95903	539.74907	535.47618	533.43924	533.85615	536.63667	540.87536
41.131034	1000	1427.3379	1443.9426	1445.7474	1452.1144	1466.3766	1455.9396	1450.8251	1448.9724	1462.3518	1467.4085	1470.4757	1469.9733	1465.8232	1460.6444	1142.9066	646.55282	567.47106	575.06006	573.40028	559.07658	571.46646	576.93336	580.76311	582.26031	579.6142	573.05981	565.16485	557.9061	552.218	548.54976	547.17719	548.16435	551.11789	555.05531
44.068966	1000	1392.2751	1406.45	1408.3171	1413.2021	1420.9325	1407.2622	1408.7263	1409.9782	1418.9666	1421.3245	1421.2694	1417.7166	1411.3413	1405.4589	1123.8174	660.14025	581.05924	587.89077	586.24436	573.17753	584.51447	589.47358	592.94662	594.25332	591.64091	585.33947	577.84445	571.08768	565.99091	562.99756	562.32223	563.79482	566.76743	570.31665
47.006897	1000	1356.2941	1368.2129	1370.1264	1373.5324	1375.1322	1359.1926	1366.4592	1370.3417	1375.1289	1374.9996	1372.163	1366.041	1357.9523	1351.6772	1105.1947	674.91537	595.87035	601.90996	600.30529	588.57514	598.72706	603.15534	606.2601	607.37746	604.82187	598.81888	591.78385	585.59895	581.16989	578.91847	578.93157	580.74998	583.59501	586.69634
49.944828	1000	1319.5331	1329.3712	1331.3144	1333.251	1329.1721	1311.8401	1324.1331	1330.2041	1331.0033	1328.6084	1323.3379	1315.1095	1305.7582	1299.3346	1087.2022	690.94809	611.97735	617.1959	615.66651	605.34436	614.17498	618.05276	620.78084	621.7133	619.24272	613.59086	607.08436	601.55009	597.87066	596.41138	597.03977	599.03173	601.62912	604.25058
52.882759	1000	1282.1125	1290.0421	1291.9978	1292.4801	1283.2254	1265.266	1281.8268	1289.6819	1286.7266	1282.2966	1274.9417	1265.0422	1254.8157	1248.4278	1069.9922	708.31886	629.46452	633.83907	632.42356	623.56927	630.94102	634.25258	636.59909	637.35471	635.00311	629.76338	623.86376	619.06832	616.22075	615.56169	616.66122	618.65588	620.92137	623.0559
55.82069	1000	1244.1355	1250.3218	1252.2725	1251.3215	1237.4458	1219.4949	1239.5952	1248.8701	1242.4134	1236.1868	1227.0951	1215.9254	1205.1481	1198.9284	1053.7077	727.12018	648.42951	651.94446	650.68597	643.34458	649.12234	651.85657	653.82054	654.41138	652.21934	647.4624	642.25919	638.29952	636.35185	636.42718	637.80676	639.66303	641.54883	643.20995
58.758621	1000	1205.6898	1210.2887	1212.2164	1209.8602	1191.9693	1174.5241	1197.4744	1207.8455	1198.1616	1190.3849	1179.8969	1167.8181	1156.7542	1150.7917	1038.486	747.45843	668.98602	671.63432	670.5795	664.77757	668.83352	670.98465	672.56945	673.01197	671.0276	666.83535	662.43045	659.40721	658.38277	659.03872	660.50512	662.1249	663.61533	664.8323
61.696552	1000	1166.8486	1170.0052	1171.8917	1168.1682	1146.9136	1130.3307	1155.4862	1166.6692	1154.0569	1144.9841	1133.4276	1120.7563	1109.6156	1103.9632	1024.4607	769.45628	691.26712	693.05159	692.24889	687.99066	690.21033	691.77878	692.99259	693.30803	691.58817	688.05546	684.56292	682.56425	682.39956	683.42276	684.81877	686.14747	687.2524	688.06577
64.634483	1000	1127.6724	1129.5199	1131.3469	1126.3081	1102.3762	1086.878	1113.6415	1125.3898	1110.1774	1100.0677	1087.7513	1074.7583	1063.701	1058.3824	1011.7651	793.25569	715.42952	716.36426	715.8613	713.12474	713.41465	714.40796	715.26422	715.47908	714.09055	711.32679	708.86777	707.93118	708.45565	709.63166	710.85249	711.87276	712.62079	713.07881
67.572414	1000	1088.2103	1088.8699	1090.6186	1084.3382	1058.4327	1044.1197	1071.9432	1084.0453	1066.5964	1055.7108	1042.9174	1029.827	1018.971	1013.9868	1000.5349	819.0219	741.65915	741.77092	741.61051	740.34361	738.64077	739.07478	739.59264	739.73911	738.76018	736.88938	735.57235	735.62983	736.60378	737.76523	738.75759	739.48063	739.91311	740.06909
70.510345	1000	1048.5013	1048.0818	1049.7335	1042.3172	1015.1355	1002.0043	1030.3879	1042.6654	1023.3849	1011.9801	998.9612	985.95354	975.38053	970.71295	990.91141	846.9485	770.1785	769.50789	769.72245	769.83981	766.12385	766.0239	766.22871	766.34506	765.86647	765.02101	764.89187	765.74644	766.93766	767.98183	768.73485	769.19188	769.35838	769.26878
73.448276	1000	1008.5751	1007.1738	1008.7095	1000.3095	972.5151	960.47677	988.96804	1001.2732	980.61198	968.93345	955.90513	943.11981	932.88114	928.49837	983.04473	877.26431	801.25644	799.85856	800.46242	801.84247	796.15111	795.55357	795.47724	795.60796	795.73176	796.02539	796.99635	798.37902	799.61984	800.50447	801.03849	801.27377	801.22879	800.95162
76.386207	1000	968.4539	966.1565	967.55691	958.38887	930.58081	919.48106	947.67254	959.88733	938.34464	926.61881	913.76006	901.30025	891.4226	887.28226	977.09775	910.24247	835.22154	833.16579	834.14489	836.62802	829.07728	828.03126	827.71249	827.90733	828.73591	830.19365	832.02434	833.69348	834.89617	835.62668	835.98311	836.04893	835.84938	835.44251
79.324138	1000	928.15239	925.03391	926.27954	916.63907	889.3239	878.96122	906.48814	918.52364	896.64558	885.07322	872.52645	860.46385	850.95402	847.00603	973.25042	946.21293	872.48069	869.84871	871.14709	874.5348	865.34601	863.9154	863.39947	863.70812	865.30009	867.76741	870.15526	871.95876	873.10603	873.72176	873.95555	873.90866	873.61146	873.13017
82.262069	1000	887.67902	883.80415	884.87534	875.14991	848.72044	838.8624	865.40006	877.19716	855.57091	844.32242	832.19573	820.57555	811.42465	807.61363	971.70507	985.5799	913.54549	910.42626	911.92847	915.98379	905.52067	903.78664	903.12331	903.57195	905.83347	908.9791	911.68357	913.56747	914.69568	915.25891	915.43351	915.33214	914.99097	914.48406
85.2	1000	847.03637	842.46006	843.337	834.00885	808.73451	799.13146	824.39268	835.92452	815.16771	804.38107	792.75187	781.59748	772.78453	769.05173	972.69292	1028.8467	959.07084	955.55076	957.05916	961.50845	950.32979	948.39348	947.62716	948.13388	950.70538	954.16326	957.06447	959.05684	960.2408	960.82966	961.01346	960.91377	960.574	960.07721
86.057143	1000	840.31601	835.56125	836.39252	827.18856	802.12859	792.525	817.53478	829.04224	808.49573	797.79771	786.25666	775.1793	766.41615	762.68338	969.65832	1035.9657	967.16991	963.5775	965.04967	969.5387	958.31838	956.35497	955.57135	956.06832	958.6395	962.11668	965.04636	967.06452	968.26825	968.87134	969.06529	968.97314	968.64007	968.15123
86.914286	1000	835.90737	830.9921	831.78539	822.67296	797.75769	788.13951	812.97239	824.47694	804.07829	793.43985	781.95706	770.92946	762.1964	758.45845	965.4094	1040.381	972.63367	968.98465	970.4218	974.93674	963.70192	961.71843	960.92104	961.40842	963.97422	967.46148	970.4104	972.44726	973.66603	974.28047	974.48299	974.39768	974.07119	973.59037
87.771429	1000	831.5199	826.44705	827.20272	818.18027	793.40789	783.77596	808.43445	819.93556	799.68259	789.10297	777.67776	766.6994	757.99622	754.2534	961.24229	1044.7931	978.13413	974.42807	975.82996	980.37108	969.12118	967.1174	966.30611	966.78388	969.34438	972.84191	975.81033	977.86613	979.10011	979.72604	979.93722	979.85883	979.53899	979.06629
88.628571	1000	827.15333	821.92581	822.64422	813.71021	789.07893	779.43408	803.92066	815.4178	795.30835	784.78682	773.41851	762.48888	753.81538	750.068	957.15591	1049.2035	983.67189	979.90833	981.27472	985.8423	974.57676	972.55246	971.72712	972.19526	974.75056	978.25854	981.24673	983.32171	984.57108	985.20863	985.42858	985.35718	985.04406	984.57957
89.485714	1000	822.8074	817.42806	818.10958	809.2625	784.77057	775.11361	799.43071	810.92338	790.95533	780.49116	769.17909	758.29769	749.65368	745.90203	953.14923	1053.6135	989.24756	985.42604	986.75667	991.35101	980.06921	978.02417	977.18464	977.64314	980.19332	983.71196	986.72018	988.81457	990.07953	990.72884	990.95767	990.89334	990.58702	990.13082
90.342857	1000	818.48184	812.95353	813.59851	804.83689	780.48257	770.81431	794.9643	806.45201	786.62329	776.21576	764.95928	754.12562	745.5109	741.75528	949.2213	1058.0245	994.86175	990.98179	992.27641	996.89781	985.59915	983.53312	982.67926	983.12809	985.67325	989.20275	992.23128	994.34534	995.62608	996.2873	996.52511	996.46794	996.16849	995.72069
91.2	1000	814.17639	808.50191	809.11071	800.43311	776.21471	766.53592	790.52115	802.0034	782.31198	771.96038	760.75886	749.97245	741.38683	737.62754	945.37118	1062.438	1000.5151	996.57622	997.83458	1002.4833	991.16718	989.07993	988.21159	988.65073	991.19096	994.73153	997.78066	999.91464	1001.2114	1001.8846	1002.1315	1002.0816	1001.7891	1001.3498
92.057143	1000	809.89081	804.07294	804.64589	796.05091	771.96675	762.2782	786.10098	797.57729	778.02117	767.72481	756.57762	745.83799	737.28127	733.51859	941.59802	1066.8553	1006.2083	1002.21	1003.4318	1008.1082	996.77393	994.66522	993.78225	994.21167	996.74707	1000.2989	1003.3689	1005.5231	1006.836	1007.5215	1007.7776	1007.735	1007.4495	1007.0188
92.914286	1000	805.62486	799.66633	800.20379	791.69002	767.73847	758.04091	781.70349	793.1734	773.75061	763.50881	752.41534	741.72202	733.19403	729.42822	937.90099	1071.2779	1011.9419	1007.8837	1009.0687	1013.7732	1002.42	1000.2896	999.39185	999.81154	1002.3422	1005.9056	1008.9968	1011.1714	1012.5007	1013.1985	1013.464	1013.4288	1013.1504	1012.7284
93.771429	1000	801.37829	795.28181	795.78411	787.35021	763.52965	753.82381	777.32843	788.79146	769.50008	759.31218	748.27182	737.62435	729.12489	725.35624	934.27933	1075.7072	1017.7168	1013.598	1014.746	1019.4789	1008.1062	1005.9538	1005.0411	1005.451	1007.977	1011.5522	1014.6649	1016.8602	1018.2061	1018.9165	1019.1913	1019.1636	1018.8925	1018.4793
94.628571	1000	797.15086	790.91912	791.3866	783.03122	759.34007	749.62668	772.97552	784.43122	765.26936	755.1347	744.14686	733.54477	725.07368	721.30245	930.73232	1080.1446	1023.5335	1019.3537	1020.4643	1025.226	1013.833	1011.6584	1010.7306	1011.1307	1013.6522	1017.2394	1020.3738	1022.5902	1023.9529	1024.676	1024.9604	1024.9403	1024.6764	1024.2721
95.485714	1000	792.94235	786.578	787.01099	778.73283	755.16952	745.44928	768.6445	780.09242	761.05822	750.97615	740.04024	729.48311	721.04019	717.26665	927.25928	1084.5915	1029.3929	1025.1514	1026.2245	1031.0152	1019.6013	1017.4041	1016.461	1016.8513	1019.3685	1022.9678	1026.1244	1028.3621	1029.7419	1030.4778	1030.7719	1030.7595	1030.503	1030.1077
96.342857	1000	788.75253	782.25819	782.65702	774.4548	751.01779	741.29139	764.3351	775.77481	756.86645	746.83634	735.95178	725.43916	717.02424	713.24864	923.85958	1089.0494	1035.2956	1030.9919	1032.0271	1036.8473	1025.4116	1023.1917	1022.2331	1022.6136	1025.1264	1028.7383	1031.9174	1034.1766	1035.5737	1036.3226	1036.6265	1036.6219	1036.3729	1035.9868
97.2	1000	783.45875	776.83266	777.19462	769.08019	745.79792	736.0737	758.93675	770.35723	751.599	741.63272	730.81199	720.3555	711.97737	708.20281	921.18882	1095.03	1042.7976	1038.4201	1039.4153	1044.2745	1032.7989	1030.551	1029.5742	1029.9445	1032.4562	1036.0868	1039.2948	1041.5809	1042.9989	1043.7631	1044.0782	1044.0822	1043.841	1043.4643
99.806897	1000	762.92703	755.7816	756.02118	748.22593	725.51135	715.82357	738.03446	749.36243	731.15415	721.42552	710.84525	700.60327	692.3707	688.61196	916.44856	1119.9397	1072.9332	1068.2886	1069.1647	1074.2115	1062.5571	1060.196	1059.1442	1059.4749	1061.9939	1065.7111	1069.0434	1071.4433	1072.9498	1073.7777	1074.1365	1074.169	1073.9464	1073.5843
102.41379	1000	743.81491	735.94419	736.06253	728.57913	706.36364	696.69428	718.31784	729.5862	711.88779	702.37321	692.00996	681.96176	673.86015	670.11341	911.2182	1143.9023	1103.0116	1098.1187	1098.8926	1104.1783	1092.4063	1089.9223	1088.7794	1089.0547	1091.5705	1095.3752	1098.8441	1101.3763	1102.9899	1103.8965	1104.3074	1104.3684	1104.1523	1103.775
105.02069	1000	726.01704	717.24824	717.24416	710.06569	688.28997	678.62334	699.71623	710.95228	693.72843	684.40717	674.24024	664.36744	656.3839	652.6459	905.61103	1166.8976	1133.0127	1127.8895	1128.5775	1134.153	1122.3253	1119.7085	1118.4589	1118.6629	1121.1649	1125.0577	1128.6753	1131.3581	1133.0979	1134.0984	1134.5704	1134.6603	1134.4392	1134.019
107.62759	1000	709.43665	699.62988	699.50036	692.61994	671.23259	661.5552	682.16714	693.39338	676.61263	667.46642	657.47744	647.76373	639.88681	636.15477	899.72903	1188.9111	1162.9125	1157.5767	1158.1944	1164.11	1152.2889	1149.5297	1148.1577	1148.2745	1150.7521	1154.7334	1158.5117	1161.3632	1163.2484	1164.3585	1164.9009	1165.0206	1164.7841	1164.2946
110.23448	1000	693.98496	683.03234	682.77288	676.18346	655.13987	645.44023	665.61508	676.84987	660.48389	651.49652	641.66918	632.10001	624.3195	620.5911	893.66352	1209.9333	1192.6831	1187.1517	1187.7142	1194.0195	1182.2674	1179.3561	1177.8461	1177.8602	1180.3027	1184.3727	1188.3231	1191.3617	1193.4114	1194.6472	1195.2698	1195.4207	1195.1588	1194.5753
112.84138	1000	679.58074	667.40497	667.00998	660.70412	639.96551	630.234	650.0106	661.26874	645.29173	636.4488	626.76852	617.33087	609.63768	605.91097	887.49592	1229.9604	1222.2917	1216.5811	1217.1027	1223.8465	1212.2258	1209.1529	1207.4894	1207.3853	1209.782	1213.9406	1218.0746	1221.3182	1223.5518	1224.9296	1225.6426	1225.8265	1225.5299	1224.8291
115.44828	1000	666.15014	652.70235	652.16555	646.13528	625.66787	615.8966	635.30954	646.6027	630.99092	622.27958	612.73329	603.41547	595.80147	592.07482	881.2985	1248.9932	1251.7003	1245.8262	1246.3206	1253.5505	1242.1229	1238.8792	1237.047	1236.8095	1239.1499	1243.397	1247.7255	1251.1919	1253.6287	1255.1648	1255.9785	1256.1977	1255.8578	1255.0176
118.05517	1000	653.62652	638.8836	638.19836	632.43508	612.2094	602.39211	621.47231	632.80949	617.54084	608.94955	599.52552	590.31701	582.7749	579.04701	875.13508	1267.0375	1280.8648	1274.8424	1275.3224	1283.0845	1271.9109	1268.4872	1266.4715	1266.0857	1268.3595	1272.6947	1277.2285	1280.9351	1283.5941	1285.3049	1286.23	1286.4869	1286.0959	1285.0957
120.66207	1000	641.95015	625.91176	625.07149	619.56592	599.55621	589.68813	608.46339	619.85124	604.90494	596.42334	587.11099	578.00228	570.5255	566.79532	869.06182	1284.1032	1309.7346	1303.5784	1304.0559	1312.3944	1301.5344	1297.9219	1295.7082	1295.1598	1297.357	1301.7798	1306.5291	1310.4928	1313.3926	1315.2944	1316.3413	1316.639	1316.1896	1315.0099
123.26897	1000	631.06785	613.75327	612.75181	607.49396	587.67764	577.75537	596.25081	607.69396	593.0503	584.66902	575.45875	566.44124	559.02389	555.2906	863.12782	1300.2037	1338.2519	1331.9755	1332.4613	1341.4182	1330.9293	1327.1196	1324.6942	1323.9694	1326.0802	1330.5902	1335.5646	1339.8014	1342.9601	1345.0687	1346.2482	1346.5897	1346.0754	1344.6984
125.87586	1000	620.93252	602.37757	601.20955	596.18867	576.54595	566.56733	584.80581	596.3071	581.94722	573.65777	564.54087	555.60673	548.24346	544.50646	857.37583	1315.3559	1366.3508	1359.967	1360.4711	1370.0851	1360.0221	1356.0073	1353.3571	1352.4431	1354.4586	1359.055	1364.2633	1368.7885	1372.2232	1374.5539	1375.8763	1376.2649	1375.6798	1374.0891
128.48276	1000	611.50264	591.7567	590.41792	585.62257	566.13598	556.10003	574.10242	585.66318	571.5689	563.36353	554.33206	545.47415	538.16012	534.41901	851.84274	1329.5791	1393.9567	1387.4774	1388.0086	1398.3146	1388.7288	1384.5019	1381.615	1380.5	1382.4117	1387.0936	1392.544	1397.3714	1401.0981	1403.6651	1405.1403	1405.5794	1404.9187	1403.0997
131.08966	1000	602.74175	581.86505	580.3528	575.77086	556.42498	546.33173	564.11723	575.73749	561.89117	553.76278	544.80947	536.02124	528.75207	525.00659	846.56016	1342.8941	1420.986	1414.4223	1414.9879	1426.0164	1416.9546	1412.5094	1409.3753	1408.0488	1409.8492	1414.6156	1420.3149	1425.4566	1429.4896	1432.3062	1433.9434	1434.4363	1433.6958	1431.6359
133.69655	1000	594.61799	572.67912	570.99247	566.61118	547.39232	537.24273	554.82912	566.50776	552.89222	544.83429	535.95244	527.22789	519.99956	516.2496	841.55486	1355.3232	1447.3455	1440.7073	1441.3134	1453.0893	1444.5927	1439.9242	1436.5341	1434.9873	1436.6699	1441.5196	1447.4732	1452.9396	1457.2911	1460.3686	1462.176	1462.726	1461.9025	1459.5915
136.30345	1000	587.10359	564.17735	562.31735	558.1234	539.01934	528.81522	546.21904	557.95401	544.55242	536.5589	527.74231	519.07588	511.88473	508.13031	836.84915	1366.8887	1472.9321	1466.2284	1466.8798	1479.4213	1471.5244	1466.6291	1462.9761	1461.2022	1462.7619	1467.6934	1473.905	1479.7039	1484.3835	1487.7313	1489.7159	1490.326	1489.4173	1486.8474
138.91034	1000	580.17448	556.34	554.30984	550.28942	531.28922	521.03305	538.26982	550.05826	536.8541	528.91938	520.1623	511.54884	504.39147	500.63272	832.46128	1377.6126	1497.6334	1490.872	1491.5717	1504.8895	1497.6188	1492.4948	1488.5748	1486.5693	1488.0022	1493.0138	1499.4853	1505.6213	1510.6357	1514.2605	1516.4275	1517.1002	1516.1054	1513.2719
141.51724	1000	573.80996	549.14905	546.95409	543.09303	524.18676	513.88166	530.96603	542.80444	529.78146	521.90025	513.19731	504.63199	497.50529	493.74242	828.40567	1387.5156	1521.3273	1514.515	1515.2645	1529.3605	1522.7332	1517.3811	1513.1925	1510.9536	1512.2578	1517.3474	1524.078	1530.5526	1535.9046	1539.81	1542.1627	1542.9	1541.8193	1538.7209
144.12414	1000	567.99238	542.58818	540.23589	536.51973	517.69834	507.34793	524.29381	536.17817	523.32034	515.48768	506.83382	498.31213	491.21319	487.44647	824.69322	1396.6168	1543.8836	1537.0259	1537.8253	1552.6916	1546.7145	1541.1369	1536.6817	1534.2107	1535.3861	1540.5511	1547.5375	1554.3481	1560.0365	1564.2226	1566.7618	1567.5649	1566.3997	1563.0389
146.73103	1000	562.70688	536.64267	534.14251	530.55661	511.81178	501.42007	518.24076	530.16666	517.45821	509.66937	501.0598	492.57747	485.50354	481.73334	821.33146	1404.9323	1565.1649	1558.2662	1559.1138	1574.7321	1569.4005	1563.6029	1558.8865	1556.1881	1557.2367	1562.4741	1569.7101	1576.8496	1582.8685	1587.3312	1590.0551	1590.9244	1589.6776	1586.0605
149.33793	1000	557.94122	531.29939	528.66259	525.19229	506.51625	496.08756	512.79585	524.75862	512.18396	504.43445	495.8646	487.41755	480.36607	476.59276	818.32474	1412.4754	1585.0284	1578.0923	1578.985	1595.3258	1590.6225	1584.6133	1579.6451	1576.7275	1577.6536	1582.9599	1590.4359	1597.8926	1604.2309	1608.9619	1611.8656	1612.8003	1611.4762	1607.6133
151.94483	1000	553.68559	526.54681	523.78607	520.41679	501.80219	491.34104	507.94932	519.94412	507.48793	499.7734	491.23887	482.82321	475.7917	472.01571	815.67429	1419.2553	1603.3285	1596.3576	1597.2909	1614.3132	1610.2083	1603.999	1598.7926	1595.6677	1596.4778	1601.8491	1609.552	1617.3091	1623.9505	1628.9368	1632.0123	1633.0104	1631.6146	1627.5206
154.55172	1000	549.9325	522.37487	519.50405	516.22143	497.66124	487.17225	503.69259	515.71454	503.36172	495.67796	487.17452	478.78646	471.77256	467.9943	813.37836	1425.2773	1619.9194	1612.9156	1613.8841	1631.5354	1627.9863	1621.5916	1616.1645	1612.8481	1613.5511	1618.9825	1626.8959	1634.9317	1641.8546	1647.0783	1650.3143	1651.3726	1649.9118	1645.6055
157.15862	1000	546.67671	518.77502	515.80879	512.59884	494.08621	483.57398	500.01822	512.06251	499.79822	492.14112	483.66461	475.30048	468.30185	464.52176	811.43217	1430.5418	1634.6582	1627.623	1628.6204	1646.8377	1643.7898	1637.2274	1631.6013	1628.1125	1628.7193	1634.2055	1642.3094	1650.5972	1657.7746	1663.2134	1666.5954	1667.7094	1666.1915	1661.6955
159.76552	1000	543.91515	515.7401	512.6936	509.54282	491.07099	480.54004	496.91983	508.98182	496.7915	489.15702	480.70335	472.35951	465.3739	461.59238	809.82796	1435.0443	1647.4087	1640.3436	1641.3633	1660.0734	1657.4614	1650.7521	1644.9522	1641.3134	1641.837	1647.3717	1655.6429	1664.1515	1671.5517	1677.1791	1680.6894	1681.8533	1680.287	1675.6273
162.37241	1000	541.64696	513.26431	510.15281	507.04835	488.61051	478.06515	494.39209	506.4674	494.33682	486.72092	478.28603	469.9589	462.98402	459.20147	808.55492	1438.7749	1658.0446	1650.9515	1651.987	1671.1086	1668.8586	1662.0255	1656.0803	1652.3166	1652.7712	1658.3477	1666.7599	1675.4539	1683.0411	1688.8268	1692.4453	1693.6518	1692.0465	1687.2517
164.97931	1000	539.87346	511.34309	508.18174	505.11155	486.70075	476.145	492.43062	504.5153	492.43053	484.82918	476.40902	468.09498	461.12856	457.34532	807.5991	1441.7188	1666.4534	1659.3352	1660.3804	1679.8258	1677.8576	1670.9264	1664.8666	1661.005	1661.4061	1667.0165	1675.5411	1684.3819	1692.1168	1698.0277	1701.732	1702.9731	1701.3382	1696.4386
167.58621	1000	538.59822	509.97306	506.77669	503.72963	485.33866	474.77613	491.03206	503.1226	491.07009	483.47924	475.0697	466.76512	459.80483	456.02119	806.9433	1443.8553	1672.5395	1665.4006	1666.4506	1686.1278	1684.3585	1677.3563	1671.2144	1667.283	1667.6465	1673.2822	1681.8882	1690.835	1698.6761	1704.677	1708.4433	1709.7097	1708.0546	1703.0814
170.1931	1000	537.82713	509.15193	505.93489	502.90086	484.52215	473.95597	490.19393	502.28749	490.25404	482.66957	474.26648	465.96764	459.01109	455.22727	806.56694	1445.1589	1676.2273	1669.0741	1670.1254	1689.9409	1688.2879	1681.2429	1675.052	1671.0793	1671.4209	1677.0724	1685.7278	1694.7382	1702.6429	1708.6977	1712.5011	1713.7831	1712.1166	1707.1003
172.8	1000	537.5685	508.87836	505.65451	502.62463	484.2501	473.68281	489.91474	502.00916	489.982	482.39967	473.99876	465.70185	458.74656	454.9627	806.44582	1445.599	1677.4634	1670.305	1671.3565	1691.2176	1689.6024	1682.5432	1676.3361	1672.3498	1672.6842	1678.3412	1687.013	1696.0446	1703.9704	1710.043	1713.8588	1715.146	1713.4759	1708.4456
