r(x_rel=0.75)	t=0	t=100	t=200	t=400	t=800	t=1000	t=1200	t=1400	t=1600	t=2000	t=2100	t=2200	t=2300	t=2400	t=2500	t=3600	t=3660	t=4000	t=4100	t=4200	t=4400	t=4800	t=4900	t=5000	t=5100	t=5200	t=5300	t=5400	t=5500	t=5600	t=5700	t=5800	t=5900	t=6000	t=6090
0	17038	17038.004	17039.786	17186.371	18986.461	20512.26	22247.214	24096.046	26013.22	29947.593	30936.998	31925.799	32913.648	33900.713	34887.374	45791.484	46389.803	49413.957	49892.666	50083.33	49731.986	47264.042	46448.704	45586.19	44688.548	43763.798	42818.565	41858.461	40888.085	39910.902	38929.18	37944.097	36956.005	35964.824	35070.026
0.18	17038	17038.006	17040.172	17195.974	19024.093	20557.153	22296.011	24147.106	26065.694	30001.034	30990.417	31979.167	32966.965	33953.997	34940.648	45845.329	46443.661	49447.1	49910	50085.37	49711.081	47221.151	46403.081	45538.463	44639.183	43713.179	42767.017	41806.259	40835.447	39857.978	38876.06	37890.814	36902.56	35911.206	35016.253
0.36	17038	17038.009	17040.591	17205.782	19061.853	20602.114	22344.846	24198.189	26118.183	30054.475	31043.836	32032.533	33020.28	34007.28	34993.923	45899.175	46497.519	49479.831	49926.891	50087.024	49689.938	47178.178	46357.394	45490.686	44589.78	43662.53	42715.448	41754.043	40782.799	39805.048	38822.934	37837.526	36849.11	35857.584	34962.475
0.54	17038	17038.013	17041.25	17219.954	19114.99	20665.206	22413.295	24269.756	26191.697	30129.292	31118.619	32107.241	33094.919	34081.876	35068.508	45974.563	46572.918	49524.776	49949.598	50088.528	49659.835	47117.843	46293.299	45423.694	44520.534	43591.56	42643.207	41680.911	40709.073	39730.934	38748.549	37762.914	36774.271	35782.503	34887.176
0.72	17038	17038.02	17042.265	17239.541	19185.954	20749.153	22504.235	24364.779	26289.27	30228.539	31217.816	32206.339	33193.925	34180.827	35167.447	46074.575	46672.936	49582.822	49978.058	50089.089	49619.018	47037.503	46208.038	45334.642	44428.534	43497.31	42547.301	41583.847	40611.238	39632.596	38649.858	37663.924	36674.977	35682.887	34787.272
0.9	17038	17038.034	17043.789	17265.416	19275.864	20855.027	22618.716	24484.306	26411.946	30353.232	31342.44	32330.837	33318.311	34305.147	35291.756	46200.243	46798.592	49653.217	50011.176	50087.533	49566.343	46936.083	46100.544	45222.466	44312.72	43378.724	42426.682	41461.813	40488.265	39509.009	38525.835	37539.525	36550.196	35557.7	34661.725
1.08	17038	17038.059	17046.041	17298.553	19385.543	20983.48	22757.308	24628.872	26560.234	30503.833	31492.948	32481.191	33468.534	34455.297	35441.898	46352.041	46950.343	49734.462	50047.31	50082.364	49500.7	46812.893	45970.173	45086.558	44172.514	43235.251	42280.825	41314.303	40339.663	39359.691	38376.001	37389.24	36399.445	35406.458	34510.049
1.26	17038	17038.103	17049.332	17340.092	19515.75	21135.033	22920.414	24798.826	26734.446	30680.588	31669.581	32657.643	33644.837	34631.522	35618.121	46530.229	47128.423	49824.511	50084.39	50071.794	49420.898	46667.355	45816.418	44926.466	44007.51	43066.526	42109.397	41141.012	40165.146	39184.368	38200.088	37212.798	36222.453	35228.886	34331.974
1.44	17038	17038.183	17054.103	17391.368	19667.252	21310.166	23108.369	24994.437	26934.802	30883.642	31872.479	32860.333	33847.364	34833.97	35820.576	46734.97	47332.953	49920.824	50119.974	50053.773	49325.63	46498.916	45638.816	44741.795	43817.367	42872.257	41912.149	40941.725	39964.524	38982.861	37997.921	37010.025	36019.043	35024.807	34127.322
1.62	17038	17038.329	17060.966	17453.926	19840.845	21509.346	23321.484	25215.939	27161.479	31113.085	32101.728	33089.348	34076.206	35062.736	36049.364	46966.374	47563.979	50020.392	50151.285	50026.016	49213.476	46307.021	45436.911	44532.167	43601.775	42652.189	41688.874	40716.273	39737.651	38755.042	37769.376	36780.794	35789.084	34794.091	33895.967
1.8	17038	17038.594	17070.756	17529.523	20037.357	21733.047	23560.061	25463.549	27414.626	31368.975	32357.383	33344.744	34331.423	35317.887	36304.553	47224.524	47821.485	50119.75	50175.246	49986.029	49082.916	46091.096	45210.241	44297.206	43360.431	42406.084	41439.388	40464.512	39484.413	38500.809	37514.355	36525.006	35532.475	34536.634	33637.812
1.98	17038	17039.073	17084.59	17620.132	20257.641	21981.746	23824.401	25737.48	27694.382	31651.347	32639.476	33626.558	34613.059	35599.468	36586.195	47509.483	48105.383	50215.004	50188.526	49931.152	48932.343	45850.55	44958.334	44036.536	43093.038	42133.716	41163.521	40186.317	39204.711	38220.077	37232.775	36242.574	35249.125	34252.349	33352.776
2.16	17038	17039.933	17103.935	17727.933	20502.568	22255.928	24114.805	26037.939	28000.871	31960.221	32948.027	33934.814	34921.141	35907.517	36894.332	47821.301	48415.494	50301.864	50187.579	49858.589	48760.089	45584.773	44680.705	43749.772	42799.301	41834.863	40861.115	39881.572	38898.459	37912.77	36924.562	35933.421	34938.954	33941.156	33040.789
2.34	17038	17041.469	17130.673	17855.302	20773.012	22556.076	24431.577	26365.133	28334.209	32295.606	33283.044	34269.527	35255.695	36242.064	37228.998	48160.02	48751.507	50375.695	50168.699	49765.451	48564.444	45293.145	44376.865	43436.53	42478.925	41509.312	40532.02	39550.176	38565.58	37578.822	36589.646	35597.47	34601.884	33602.983	32701.788
2.52	17038	17044.182	17167.163	18004.795	21069.841	22882.67	24775.025	26719.267	28694.503	32657.502	33644.531	34630.707	35616.739	36603.133	37590.224	48525.67	49112.913	50431.584	50128.073	49648.799	48343.685	44975.038	44046.318	43096.425	42131.624	41156.859	40176.098	39192.034	38206.003	37218.169	36227.96	35234.648	34237.837	33237.756	32335.718
2.7	17038	17048.913	17216.29	18179.118	21393.896	23236.18	25145.452	27100.545	29081.848	33045.899	34032.485	35018.363	36004.289	36990.749	37978.038	48918.264	49498.905	50464.427	50061.839	49505.684	48096.096	44629.828	43688.572	42729.077	41757.12	40777.313	39793.222	38807.062	37819.666	36830.749	35839.435	34844.878	33846.736	32845.409	31942.529
2.88	17038	17057.035	17281.484	18381.101	21745.986	23617.062	25543.162	27509.164	29496.327	33460.784	34446.902	35432.501	36418.361	37404.933	38392.468	49337.79	49908.223	50469.026	49966.145	49333.195	47819.996	44256.894	43303.141	42334.117	41355.147	40370.496	39383.281	38395.188	37406.51	36416.502	35424	34428.082	33428.502	32425.875	31522.18
3.06	17038	17070.714	17366.715	18613.654	22126.872	24025.754	25968.456	27945.317	29938.006	33902.138	34887.775	35873.126	36858.97	37845.709	38833.541	49784.189	50338.916	50440.192	49837.213	49128.5	47513.761	43855.633	42889.552	41911.192	40925.461	39936.251	38946.179	37956.351	36966.483	35975.366	34981.581	33984.174	32983.054	31979.09	31074.636
3.24	17038	17093.25	17476.451	18879.713	22537.255	24462.668	26421.625	28409.183	30406.934	34369.938	35355.097	36340.246	37326.135	38313.101	39301.287	50257.317	50787.986	50372.856	49671.395	48888.891	47175.85	43425.46	42447.353	41459.97	40467.838	39474.441	38481.838	37490.5	36499.536	35507.28	34512.097	33513.069	32510.311	31504.994	30599.873
3.42	17038	17129.429	17615.586	19182.189	22977.768	24928.191	26902.955	28900.931	30903.139	34864.16	35848.862	36833.871	37819.876	38807.136	39795.734	50756.864	51250.856	50262.161	49465.235	48611.825	46804.821	42965.82	41976.118	40980.146	39982.084	38984.958	37990.2	36997.596	36005.624	35012.177	34015.464	33014.673	32010.189	31003.531	30097.881
3.6	17038	17185.825	17789.346	19523.891	23448.966	25422.68	27412.722	29420.711	31426.623	35384.781	36369.067	37354.013	38340.215	39327.841	40316.916	51282.214	51720.599	50103.56	49215.528	48294.964	46399.357	42476.193	41475.452	40471.451	39468.039	38467.719	37471.227	36477.611	35484.7	34489.983	33491.587	32488.887	31482.605	30474.655	29568.667
3.78	17038	17270.875	18003.183	19907.445	23951.322	25946.462	27951.19	29968.65	31977.363	35931.777	36915.715	37900.691	38887.179	39875.249	40864.867	51832.155	52186.832	49892.888	48919.377	47936.212	45958.276	41956.098	40945.001	39933.656	38925.583	37922.677	36924.906	35930.527	34936.718	33940.618	32940.364	31935.609	30927.478	29918.327	29012.256
3.96	17038	17394.587	18262.673	20335.211	24485.223	26499.831	28518.61	30544.848	32555.302	36505.13	37488.812	38473.927	39460.8	40449.394	41439.624	52404.329	52634.203	49626.44	48574.24	47533.74	45480.552	41405.101	40384.456	39366.581	38354.637	37349.817	36351.24	35356.333	34361.629	33363.994	32361.684	31354.729	30344.728	29334.523	28428.704
4.14	17038	17567.786	18573.426	20809.182	25050.967	27083.05	29115.217	31149.372	33160.352	37104.827	38088.371	39073.75	40061.111	41050.314	42041.228	52994.157	53040.446	49301.034	48177.98	47086.019	44965.322	40822.822	39793.562	38770.098	37755.171	36749.161	35750.259	34755.023	33759.375	32760.007	31755.424	30746.139	29734.284	28723.238	27818.097
4.32	17038	17801.066	18941.019	21330.894	25648.762	27696.357	29741.228	31782.252	33792.388	37730.864	38714.416	39700.194	40688.154	41678.05	42669.72	53592.75	53374.185	48914.084	47728.892	46591.838	44411.893	40208.939	39172.125	38144.141	37127.207	36120.765	35122.007	34126.593	33129.887	32128.541	31121.453	30109.724	29096.083	28084.487	27180.564
4.5	17038	18103.793	19370.965	21901.344	26278.73	28339.962	30396.838	32443.472	34451.249	38383.245	39366.975	40353.302	41341.972	42332.648	43325.149	54182.813	53593.158	48463.672	47225.731	46050.315	43819.75	39563.195	38520.019	37488.711	36470.82	35464.723	34466.544	33471.033	32473.083	31469.464	30459.63	29445.374	28430.077	27418.316	26516.285
4.68	17038	18483.478	19868.673	22520.928	26940.914	29014.054	31082.217	33132.963	35136.737	39061.988	40046.091	41033.122	42022.617	43014.155	44007.565	54730.657	53644.768	47948.604	46667.719	45460.914	43188.553	38885.404	37837.195	36803.881	35786.138	34781.164	33783.944	32788.328	31788.858	30782.625	29769.804	28752.981	27736.234	26724.805	25825.501
4.86	17038	18945.398	20439.385	23189.41	27635.282	29718.804	31797.498	33850.601	35848.616	39767.124	40751.816	41739.709	42730.141	43722.625	44717.022	55170.556	53473.508	47368.424	46054.553	44823.44	42518.133	38175.46	37123.688	36089.797	35073.347	34070.246	33074.283	32078.442	31077.086	30067.854	29051.818	28032.448	27014.55	26004.082	25108.533
5.04	17038	19492.242	21087.986	23905.943	28361.737	30454.374	32542.772	34596.196	36586.623	40498.697	41484.213	42473.128	43464.604	44458.111	45453.578	55374.137	53045.605	46723.395	45386.393	44138.04	41808.487	37433.344	36379.63	35346.687	34332.685	33332.152	32337.634	31341.319	30337.612	29324.962	28305.513	27283.691	26265.051	25256.33	24365.793
5.22	17038	20123.809	21818.347	24668.906	29119.939	31220.724	33317.876	35369.307	37350.293	41256.593	42243.175	43233.268	44225.888	45220.493	46217.118	55092.694	52413.268	46014.688	44664.092	43405.41	41059.966	36659.329	35605.443	34575.034	33564.619	32567.261	31574.236	30577.05	29570.434	28553.929	27530.918	26506.835	25487.992	24481.988	23597.977
