r(x_rel=0.25)	t=0	t=100	t=200	t=400	t=800	t=1000	t=1200	t=1400	t=1600	t=2000	t=2100	t=2200	t=2300	t=2400	t=2500	t=3600	t=3660	t=4000	t=4100	t=4200	t=4400	t=4800	t=4900	t=5000	t=5100	t=5200	t=5300	t=5400	t=5500	t=5600	t=5700	t=5800	t=5900	t=6000	t=6090
0	17038	17038.005	17039.974	17209.989	19186.896	20781.614	22573.282	24470.607	26420.975	30390.226	31392.581	32398.584	33407.745	34419.395	35432.828	46577.318	47182.642	50182.184	50598.235	50696.308	50118.77	47250.006	46362.302	45440.149	44495.494	43535.215	42563.743	41583.779	40596.946	39604.37	38607.085	37606.243	36603.119	35598.964	34695.183
0.18	17038	17038.007	17040.403	17221.166	19226.669	20828.118	22623.522	24522.801	26474.09	30444.259	31446.82	32453.009	33462.322	34474.086	35487.595	46631.828	47237.086	50212.812	50611.184	50692.635	50091.558	47202.889	46313.139	45389.581	44443.95	43482.985	42511.007	41530.642	40543.475	39550.619	38553.111	37552.113	36548.905	35544.728	34640.965
0.36	17038	17038.009	17040.87	17232.581	19266.557	20874.688	22673.798	24575.011	26527.214	30498.298	31501.065	32507.439	33516.903	34528.779	35542.363	46686.337	47291.526	50242.975	50623.644	50688.553	50064.113	47155.708	46263.932	45338.981	44392.385	43430.741	42458.259	41477.496	40489.996	39496.86	38499.131	37497.979	36494.689	35490.492	34586.749
0.54	17038	17038.014	17041.605	17249.072	19322.648	20940.024	22744.259	24648.143	26601.603	30573.965	31577.019	32583.65	33593.324	34605.355	35619.042	46762.646	47367.732	50284.209	50640.049	50681.972	50025.201	47089.521	46194.949	45268.077	44320.149	43357.565	42384.388	41403.07	40415.107	39421.584	38423.549	37422.186	36418.784	35414.562	34510.847
0.72	17038	17038.022	17042.74	17271.859	19397.486	21026.938	22837.861	24745.219	26700.313	30674.361	31677.794	32684.764	33694.712	34706.945	35720.764	46863.866	47468.803	50337.128	50659.978	50671.721	49972.724	47001.487	46103.276	45173.905	44224.246	43260.439	42286.35	41304.306	40315.734	39321.702	38323.268	37321.632	36318.088	35313.84	34410.165
0.9	17038	17038.036	17044.447	17301.951	19492.193	21136.52	22955.671	24867.287	26824.38	30800.534	31804.441	32811.832	33822.118	34834.597	35848.578	46991.031	47595.759	50400.754	50682.108	50656.444	49905.44	46890.512	45987.839	45055.409	44103.628	43138.318	42163.106	41180.16	40190.832	39196.169	38197.244	37195.278	36191.567	35187.293	34283.674
1.08	17038	17038.063	17046.974	17340.465	19607.564	21269.428	23098.263	25014.864	26974.295	30952.976	31957.452	32965.343	33976.028	34988.796	36002.964	47144.606	47749.044	50473.34	50704.586	50634.514	49822.218	46755.944	45848.042	44912.032	43957.768	42990.692	42014.151	41030.134	40039.905	39044.493	38044.99	37042.642	36038.747	35034.454	34130.908
1.26	17038	17038.11	17050.678	17388.704	19744.319	21426.178	23266.032	25188.271	27150.342	31131.967	32137.105	33145.572	34156.712	35169.806	36184.182	47324.836	47928.873	50552.553	50725.121	50604.03	49721.88	46597.28	45683.459	44743.402	43786.328	42817.246	41839.184	40853.933	39862.664	38866.392	37866.233	36863.46	35859.371	34855.074	33951.62
1.44	17038	17038.197	17056.064	17448.18	19903.172	21607.242	23459.3	25387.738	27352.712	31337.692	32343.582	33352.697	34364.342	35377.794	36392.394	47531.864	48135.342	50635.524	50741.04	50562.837	49603.158	46414.066	45493.729	44549.223	43589.056	42617.755	41637.994	40651.355	39658.915	38661.678	37660.795	36657.566	35653.284	34649.003	33745.665
1.62	17038	17038.354	17063.839	17520.626	20084.864	21813.079	23678.359	25613.455	27581.546	31570.287	32577.015	33586.843	34599.037	35612.87	36627.706	47765.777	48368.468	50718.872	50749.328	50508.556	49464.69	46205.866	45278.518	44329.234	43365.742	42392.035	41410.415	40422.243	39428.509	38430.216	37428.552	36424.849	35420.387	34416.151	33512.953
1.8	17038	17038.639	17074.97	17607.987	20290.167	22044.154	23923.483	25865.583	27836.96	31829.862	32837.509	33848.107	34860.885	35875.118	36890.193	48026.627	48628.195	50798.729	50746.674	50438.619	49305.033	45972.247	45037.508	44083.195	43116.193	42139.925	41156.304	40166.467	39171.325	38171.894	37169.408	36165.228	35160.611	34156.457	33253.426
1.98	17038	17039.154	17090.764	17712.41	20519.879	22300.935	24194.941	26144.27	28119.054	32116.512	33125.153	34136.569	35149.956	36164.597	37179.91	48314.446	48914.389	50870.765	50729.52	50350.313	49122.681	45712.778	44770.384	43810.874	42840.231	41861.279	40875.528	39883.905	38887.256	37886.62	36883.287	35878.644	34873.91	33869.882	32967.045
2.16	17038	17040.083	17112.95	17836.219	20774.822	22583.899	24492.993	26449.652	28427.92	32430.324	33440.025	34452.298	35466.309	36481.359	37496.9	48629.25	49226.815	50930.241	50694.123	50240.815	48916.086	45427.028	44476.843	43512.05	42537.686	41555.954	40567.964	39574.447	38576.201	37574.31	36570.124	35565.051	34560.253	33556.403	32653.788
2.34	17038	17041.743	17143.767	17981.881	21055.829	22893.519	24817.891	26781.855	28763.642	32771.379	33782.198	34795.354	35809.994	36825.443	37841.195	48971.043	49565.086	50972.075	50636.618	50107.249	48683.681	45114.576	44156.585	43186.508	42208.394	41223.814	40233.491	39237.984	38238.07	37234.891	36229.868	35224.415	34219.621	33216.007	32313.637
2.52	17038	17044.683	17186.05	18151.965	21363.736	23230.269	25169.878	27140.996	29126.304	33139.757	34151.738	35165.79	36181.051	37196.882	38212.821	49339.813	49928.594	50990.933	50553.079	49946.726	48423.911	44775.014	43809.328	42834.043	41852.196	40864.724	39871.99	38874.41	37872.771	36868.295	35862.473	34856.714	33852.006	32848.69	31946.584
2.7	17038	17049.821	17243.3	18349.088	21699.369	23594.607	25549.185	27527.181	29515.986	33535.535	34548.71	35563.657	36579.52	37595.702	38611.797	49735.534	50316.4	50981.338	50439.597	49756.392	48135.253	44407.951	43434.801	42454.461	41468.938	40478.553	39483.342	38483.622	37480.22	36474.461	35467.904	34461.935	33457.407	32454.454	31552.623
2.88	17038	17058.67	17319.731	18575.858	22063.535	23986.975	25956.021	27940.508	29932.768	33958.789	34973.173	35988.999	37005.429	38021.925	39038.137	50158.153	50727.05	50937.798	50292.347	49533.482	47816.242	44013.026	43032.755	42047.58	41058.474	40065.171	39067.431	38065.516	37060.336	36053.335	35046.136	34040.073	33035.832	32033.308	31131.749
3.06	17038	17073.63	17420.268	18834.815	22457.007	24407.792	26390.578	28381.062	30376.733	34409.593	35425.184	36441.855	37458.807	38475.567	39491.85	50607.571	51158.317	50854.938	50107.656	49275.361	47465.498	43589.908	42602.964	41613.233	40620.663	39624.449	38624.137	37619.991	36613.041	35604.869	34597.151	33591.134	32587.298	31585.261	30683.957
3.24	17038	17098.387	17550.506	19128.366	22880.515	24857.442	26853.02	28848.918	30847.965	34888.019	35904.794	36922.26	37939.673	38956.64	39972.94	51083.599	51606.787	50727.638	49882.07	48979.57	47081.749	43138.307	42145.231	41151.268	40155.37	39156.261	38153.343	37146.947	36138.264	35129.028	34120.945	33115.135	32111.826	31110.329	30209.239
3.42	17038	17138.353	17716.592	19458.729	23334.736	25336.27	27343.484	29344.14	31346.552	35394.135	36412.051	37430.241	38448.043	39465.15	40481.408	51585.876	52067.266	50551.152	49612.414	48643.868	46663.846	42657.978	41659.386	40661.547	39662.467	38660.479	37654.933	36646.289	35635.943	34625.786	33617.524	32612.101	31609.447	30608.527	29707.583
3.6	17038	17201.076	17925.055	19827.889	23820.28	25844.576	27862.07	29866.781	31872.589	35928.006	36946.995	37965.822	38983.926	40001.098	41017.248	52113.709	52531.894	50321.215	49295.85	48266.274	46210.789	42148.723	41145.292	40143.951	39141.828	38136.979	37128.792	36117.925	35106.022	34095.128	33086.908	32082.069	31080.195	30079.869	29178.967
3.78	17038	17296.458	18182.546	20237.563	24337.685	26382.608	28408.847	30416.887	32426.179	36489.69	37509.659	38529.018	39547.328	40564.481	41580.451	52665.75	52988.885	50034.127	48929.927	47845.094	45721.737	41610.398	40602.843	39598.372	38593.336	37585.637	36574.806	35561.771	34548.459	33537.057	32529.132	31525.087	30524.109	29524.365	28623.358
3.96	17038	17436.616	18495.511	20689.187	24887.405	26950.555	28983.842	30994.496	33007.433	37079.239	38100.07	39119.836	40138.245	41155.291	42171.004	53239.38	53420.8	49686.813	48512.625	47378.952	45196.025	41042.914	40031.965	39024.718	38016.873	37006.329	35992.863	34977.749	33963.226	32951.592	31944.245	30941.213	29941.232	28942.022	28040.707
4.14	17038	17635.28	18869.784	21183.917	25469.805	27548.542	29587.044	31599.646	33616.473	37696.695	38718.242	39738.277	40756.667	41773.512	42788.888	53829.503	53802.31	49276.874	48042.392	46866.812	44633.171	40446.236	39432.613	38422.903	37412.324	36398.931	35382.859	34365.796	33350.313	32338.772	31332.314	30330.514	29331.606	28332.836	27430.947
4.32	17038	17906.829	19310.109	21722.646	26085.153	28176.627	30218.403	32232.372	34253.435	38342.09	39364.183	40384.333	41402.581	42419.126	43434.079	54426.192	54097.652	48802.619	47518.169	46307.99	44032.885	39820.386	38804.77	37792.851	36779.573	35763.322	34744.693	33725.861	32709.73	31698.656	30693.421	29693.065	28695.272	27696.788	26793.981
4.5	17038	18265.323	19819.639	22306.033	26733.618	28834.793	30877.83	32892.718	34918.47	39015.441	40037.887	41057.986	42075.963	43092.108	44106.548	55010.112	54258.501	48263.103	46939.402	45702.165	43395.071	39165.433	38148.436	37134.486	36118.504	35099.378	34078.274	33057.91	32041.511	31031.328	30027.667	29028.948	28032.267	27033.846	26129.682
4.68	17038	18723.773	20399.475	22934.522	27415.263	29522.947	31565.203	33580.737	35611.742	39716.754	40739.337	41759.211	42776.785	43792.427	44806.261	55543.583	54224.357	47658.139	46306.051	45049.377	42719.827	38481.493	37463.627	36447.73	35428.996	34406.981	33383.523	32361.934	31345.72	30336.897	29335.168	28338.249	27342.617	26343.951	25437.882
4.86	17038	19293.578	21048.338	23608.364	28130.047	30240.917	32280.368	34296.5	36333.432	40446.019	41468.504	42487.973	43505.012	44520.048	45533.177	55953.138	53930.458	46988.288	45618.582	44350.015	42007.444	37768.72	36750.364	35732.499	34710.925	33686.014	32660.375	31637.95	30622.451	29615.499	28616.052	27621.052	26626.334	25627.016	24718.36
5.04	17038	19983.789	21762.543	24327.61	28877.821	30988.448	33023.158	35040.102	37083.734	41203.209	42225.345	43244.227	44260.6	45274.931	46287.251	56095.425	53334.665	46254.82	44877.951	43604.81	41258.402	37027.292	36008.661	34988.699	33964.159	32936.367	31908.787	30886.009	29871.833	28867.295	27870.463	26877.439	25883.41	24882.912	23970.839
5.22	17038	20799.812	22536.153	25091.869	29658.133	31765.016	33793.221	35811.485	37862.66	41988.096	43009.622	44027.739	45043.321	46056.846	47068.247	55693.064	52488.18	45459.915	44085.814	42815.024	40473.562	36257.586	35238.699	34216.407	33188.754	32158.13	31128.929	30106.386	29094.217	28092.651	27098.726	26107.658	25113.988	24111.646	23195.152
