x	t=0	t=100	t=200	t=400	t=800	t=1000	t=1200	t=1400	t=1600	t=2000	t=2100	t=2200	t=2300	t=2400	t=2500	t=3600	t=3660	t=4000	t=4100	t=4200	t=4400	t=4800	t=4900	t=5000	t=5100	t=5200	t=5300	t=5400	t=5500	t=5600	t=5700	t=5800	t=5900	t=6000	t=6090
0	0.00012716767	1.192011	1.1680977	1.1493264	1.1952062	1.3847659	1.6453739	1.385091	1.2142124	1.3326512	1.4170289	1.5276564	1.666718	1.8256855	1.9555623	-1.460611	-1.2332132	-1.2505894	-1.1571133	-1.1543247	-1.3057565	-1.2103723	-1.1429907	-1.0935712	-1.0652415	-1.0644796	-1.0860136	-1.1206587	-1.1638679	-1.214169	-1.2718347	-1.3384175	-1.4165528	-1.5071016	-1.5819118
2.937931	0.00012716767	1.1930209	1.1692222	1.15052	1.1965754	1.3865126	1.6456516	1.3837685	1.2149807	1.3340649	1.4185271	1.5291913	1.6680764	1.8261364	1.9540188	-1.4605697	-1.2343098	-1.2511278	-1.1579034	-1.1553648	-1.3068325	-1.2106832	-1.14348	-1.0942393	-1.0660741	-1.065482	-1.0871996	-1.1220325	-1.1654285	-1.2159163	-1.2737715	-1.3405448	-1.418832	-1.5092417	-1.5827779
5.8758621	0.00012716767	1.1960857	1.1726297	1.1541364	1.2007201	1.3917799	1.6463163	1.3798662	1.2173364	1.3383257	1.4230316	1.5337846	1.6720948	1.8274021	1.9492429	-1.4604634	-1.2376017	-1.2527504	-1.1602988	-1.158514	-1.3100696	-1.211635	-1.1449723	-1.0962747	-1.0686053	-1.0685262	-1.090798	-1.1261971	-1.1701562	-1.2212065	-1.2796323	-1.3469759	-1.4257062	-1.5156234	-1.5851119
8.8137931	0.00012716767	1.2011982	1.1783067	1.1601613	1.2076207	1.4005081	1.6469019	1.3737114	1.2213571	1.3453803	1.4304626	1.5413061	1.6785397	1.8292541	1.9410001	-1.4602992	-1.2430571	-1.2554733	-1.1643223	-1.1637949	-1.3154377	-1.2132599	-1.147508	-1.09972	-1.0728786	-1.0736561	-1.096853	-1.1331983	-1.1780986	-1.2300889	-1.2894664	-1.3577542	-1.4371764	-1.5260233	-1.58807
11.751724	0.00012716767	1.2083476	1.1862321	1.1685719	1.2172454	1.4125953	1.6466565	1.3658354	1.2271599	1.3551404	1.4406874	1.5515356	1.6870152	1.8311861	1.92897	-1.4600928	-1.2506243	-1.2593155	-1.170011	-1.1712473	-1.3228897	-1.2156142	-1.1511552	-1.104646	-1.0789658	-1.0809435	-1.1054387	-1.1431126	-1.189335	-1.2426452	-1.3033561	-1.372949	-1.4532278	-1.5399873	-1.5901255
14.689655	0.00012716767	1.2175199	1.1963782	1.1793389	1.2295522	1.4278955	1.6445839	1.3569294	1.2348842	1.3674849	1.4535211	1.5641617	1.6969579	1.8321074	1.9125425	-1.4598543	-1.2602159	-1.2643102	-1.1774233	-1.1809229	-1.3323506	-1.2187752	-1.1560099	-1.1111543	-1.0869684	-1.0904908	-1.1166598	-1.1560481	-1.2039771	-1.2589909	-1.3214155	-1.3926494	-1.4737958	-1.5566822	-1.5889271
17.627586	0.00012716767	1.2286996	1.2087138	1.1924285	1.2444917	1.4462119	1.6395432	1.3478102	1.2446723	1.3822619	1.468728	1.5787787	1.7076339	1.8309103	1.890723	-1.4595888	-1.2717279	-1.2704941	-1.1866267	-1.1928893	-1.3437242	-1.2228489	-1.1621978	-1.1193768	-1.0970186	-1.1024309	-1.1306519	-1.1721446	-1.2221698	-1.2792738	-1.3437889	-1.4169533	-1.4987029	-1.5746466	-1.5812759
20.565517	0.00012716767	1.2418714	1.2232064	1.2078057	1.2620094	1.467289	1.6303806	1.3393522	1.2566496	1.3992916	1.4860223	1.5948842	1.7181423	1.8263492	1.8629492	-1.4592503	-1.2850299	-1.2779292	-1.197712	-1.2072314	-1.3568814	-1.2279676	-1.1698756	-1.1294775	-1.1092805	-1.1169282	-1.1475825	-1.1915748	-1.244091	-1.3036756	-1.3706465	-1.4459443	-1.5275353	-1.5913978	-1.5634257
23.503448	0.00012716767	1.2570219	1.2398256	1.2254377	1.2820499	1.4907976	1.6161172	1.3324162	1.2709119	1.4183688	1.5050683	1.6118754	1.7274253	1.8171474	1.8289369	-1.4588723	-1.3000233	-1.2866734	-1.2107939	-1.2240417	-1.3716623	-1.2342952	-1.1792343	-1.141654	-1.1239521	-1.1341805	-1.1676529	-1.2145452	-1.269953	-1.3324095	-1.4021779	-1.4796472	-1.5594106	-1.6029473	-1.5320531
26.441379	0.00012716767	1.2741421	1.2585462	1.2452968	1.3045589	1.5163095	1.5961585	1.3277894	1.2875169	1.4392642	1.525477	1.6290412	1.7342887	1.8021088	1.7887677	-1.4584919	-1.3166069	-1.2968131	-1.2259978	-1.2434283	-1.3878722	-1.2420311	-1.190499	-1.1561407	-1.1412648	-1.1544191	-1.1910979	-1.2412969	-1.3000022	-1.3657193	-1.4385759	-1.5179376	-1.5925376	-1.6035147	-1.4859397
29.37931	0.00012716767	1.2932296	1.2793516	1.2673643	1.3294868	1.543256	1.570451	1.3261339	1.3064807	1.4617225	1.5467971	1.6455481	1.7374306	1.7802629	1.7429206	-1.4582102	-1.3346908	-1.3084443	-1.2434836	-1.2655075	-1.4052778	-1.2514092	-1.2039363	-1.1732091	-1.1614881	-1.1779117	-1.2181886	-1.2721067	-1.3345197	-1.4038736	-1.4800048	-1.5603537	-1.623451	-1.5862515	-1.4276122
32.317241	0.00012716767	1.3142907	1.3022367	1.2916338	1.3567895	1.5708708	1.5395953	1.3279584	1.3277859	1.485456	1.568499	1.6604233	1.7354877	1.7509755	1.6922201	-1.4581206	-1.3542095	-1.3216955	-1.263427	-1.2903993	-1.4236077	-1.2627055	-1.2198516	-1.1931725	-1.1849308	-1.204964	-1.2492333	-1.3072883	-1.3738198	-1.4471555	-1.5265314	-1.6056991	-1.6459174	-1.5459665	-1.3635132
35.255172	0.00012716767	1.3373427	1.3272111	1.3181142	1.3864286	1.5981046	1.5048108	1.3336238	1.3513868	1.5101328	1.5899493	1.672535	1.7271175	1.7140509	1.637749	-1.4583224	-1.3751246	-1.3367068	-1.2860396	-1.3182255	-1.4425578	-1.2762444	-1.2385989	-1.2163891	-1.2119435	-1.2359209	-1.284579	-1.3471923	-1.4182472	-1.495838	-1.5779712	-1.6512252	-1.6502273	-1.4833282	-1.3020313
38.193103	0.00012716767	1.3624165	1.3543011	1.346832	1.418368	1.6235279	1.4678292	1.343352	1.377221	1.5353571	1.6103787	1.6805878	1.711106	1.6697876	1.5807349	-1.458942	-1.397415	-1.3536412	-1.3115566	-1.3490981	-1.4617955	-1.2923975	-1.2605817	-1.2432668	-1.2429216	-1.2711697	-1.3246124	-1.3922067	-1.4681685	-1.5501287	-1.6335374	-1.6910892	-1.625213	-1.4070849	-1.2508126
41.131034	0.00012716767	1.389558	1.3835526	1.3778341	1.4525675	1.6452452	1.4306946	1.357247	1.4052176	1.560643	1.6288437	1.6831406	1.6865219	1.6189707	1.5224468	-1.4601488	-1.421056	-1.3727116	-1.340242	-1.3831114	-1.4809721	-1.3115958	-1.2862609	-1.2742645	-1.2783085	-1.3111417	-1.3697622	-1.4427541	-1.5239528	-1.6100383	-1.6910297	-1.7142534	-1.5654128	-1.3309791	-1.2151853
44.068966	0.00012716767	1.4188308	1.4150323	1.4111896	1.4889699	1.6608848	1.3955426	1.3753233	1.435304	1.5853786	1.6441935	1.6786809	1.6528903	1.5628111	1.4641055	-1.4620338	-1.4460825	-1.3941413	-1.3723943	-1.4203283	-1.4997404	-1.3343348	-1.3161605	-1.3099017	-1.3185995	-1.3563143	-1.4204983	-1.4992863	-1.5859253	-1.6750593	-1.7450452	-1.7044562	-1.4791176	-1.267649	-1.1978824
47.006897	0.00012716767	1.4503179	1.4488306	1.4469922	1.5274779	1.6677634	1.364393	1.397521	1.4674107	1.6087842	1.6550507	1.6657639	1.6103383	1.5028279	1.406828	-1.4647498	-1.4725214	-1.4182021	-1.4083424	-1.46076	-1.517775	-1.3611812	-1.3508759	-1.3507605	-1.3643443	-1.4072132	-1.4773315	-1.5622676	-1.6542487	-1.7433561	-1.7837391	-1.6486493	-1.3866249	-1.2249909	-1.1993686
49.944828	0.00012716767	1.4841243	1.4850632	1.4853623	1.5679158	1.6633449	1.3389692	1.4237212	1.5014728	1.6298647	1.6598346	1.6432198	1.5596692	1.440696	1.3515803	-1.4684293	-1.5004163	-1.4452201	-1.4484417	-1.5043457	-1.5348002	-1.3927879	-1.3910823	-1.3974931	-1.4161518	-1.4644132	-1.5408088	-1.6321328	-1.7286149	-1.8097533	-1.7863648	-1.5528007	-1.3083977	-1.2061103	-1.2183222
52.882759	0.00012716767	1.5203791	1.5238741	1.5264493	1.6099641	1.6459382	1.3205611	1.4537622	1.5374303	1.6473633	1.656838	1.6104002	1.5023087	1.3780722	1.2991497	-1.4732259	-1.5298357	-1.4755553	-1.4930733	-1.5509262	-1.5506223	-1.429904	-1.4375445	-1.4508283	-1.4746923	-1.5285389	-1.6114984	-1.7091759	-1.8074033	-1.8614032	-1.731896	-1.4444211	-1.2565349	-1.2106024	-1.2522951
55.82069	0.00012716767	1.559239	1.5654382	1.5704349	1.6530501	1.6154296	1.3099686	1.4874584	1.5752244	1.6597216	1.6443821	1.5673673	1.4401093	1.3164411	1.2501202	-1.4792429	-1.5608558	-1.5096425	-1.5426328	-1.6002116	-1.5651548	-1.473389	-1.4911289	-1.5115786	-1.5407013	-1.6002606	-1.6899515	-1.7932376	-1.885374	-1.872698	-1.6239548	-1.3532974	-1.2348845	-1.2357792	-1.2983833
58.758621	0.00012716767	1.600891	1.609965	1.6175363	1.6961717	1.5736464	1.3075196	1.5246233	1.6147895	1.6650749	1.6210402	1.5149679	1.3750927	1.2570087	1.2048714	-1.486606	-1.5935823	-1.5479989	-1.5975146	-1.6517512	-1.5784531	-1.5242321	-1.5528155	-1.5806457	-1.6149815	-1.6802818	-1.7765892	-1.8827829	-1.9480072	-1.8142059	-1.4992736	-1.2957561	-1.2420115	-1.2777983	-1.3537579
61.696552	0.00012716767	1.6455576	1.6577036	1.668011	1.7376285	1.5241283	1.313183	1.5650936	1.656037	1.6613168	1.5859212	1.4547597	1.3091949	1.2006712	1.1636019	-1.4954037	-1.628109	-1.5912158	-1.6580882	-1.7049093	-1.5907381	-1.5835735	-1.6237102	-1.6590296	-1.6984008	-1.7693003	-1.8713661	-1.9721272	-1.9633469	-1.6893267	-1.3979776	-1.2755664	-1.2735575	-1.3326444	-1.4159804
64.634483	0.00012716767	1.6935012	1.7089479	1.7221621	1.7746633	1.4714454	1.3267048	1.6087438	1.6988304	1.646289	1.5389485	1.3888112	1.2441128	1.1480408	1.1263713	-1.5057383	-1.6645408	-1.6399983	-1.7246598	-1.7588459	-1.602419	-1.6527241	-1.7050621	-1.747834	-1.7918827	-1.8678877	-1.972689	-2.0438552	-1.892866	-1.5479931	-1.339416	-1.2894538	-1.3240233	-1.3967647	-1.483049
67.572414	0.00012716767	1.745031	1.764044	1.7803448	1.803123	1.4203432	1.3477218	1.6554903	1.7429458	1.6181373	1.481052	1.3194441	1.1812349	1.0995071	1.0931461	-1.5177062	-1.702993	-1.6951788	-1.7974181	-1.812523	-1.6141056	-1.733196	-1.7982767	-1.848272	-1.8963662	-1.9760953	-2.0738393	-2.0567723	-1.7448467	-1.4407197	-1.3257962	-1.3308427	-1.3881435	-1.4673125	-1.5532657
70.510345	0.00012716767	1.800511	1.8233996	1.8429752	1.8174902	1.3750816	1.3758218	1.7052858	1.7880123	1.5758071	1.4141715	1.2489885	1.1216448	1.0553004	1.0638386	-1.531361	-1.7435952	-1.7577289	-1.876363	-1.8647468	-1.6266254	-1.8267315	-1.9049366	-1.9616622	-2.012669	-2.0920665	-2.1522405	-1.963037	-1.5881964	-1.3871999	-1.3510068	-1.3923878	-1.4615959	-1.5420286	-1.6249674
73.448276	0.00012716767	1.8603704	1.887495	1.9105405	1.8118689	1.3390448	1.4105838	1.7581057	1.833422	1.5195359	1.3410478	1.1795786	1.066155	1.0155429	1.0383307	-1.5468046	-1.7864565	-1.8287919	-1.9612078	-1.9142446	-1.6410302	-1.9353383	-2.0268199	-2.0893951	-2.1409839	-2.2069453	-2.1523721	-1.7859666	-1.4815817	-1.3861157	-1.4057593	-1.4676666	-1.5411039	-1.618925	-1.6962074
76.386207	0.00012716767	1.9251162	1.9568982	1.9836109	1.782273	1.3146092	1.4515841	1.8139271	1.8781921	1.4511188	1.2648248	1.1130219	1.0153432	0.9802768	1.0164786	-1.5641047	-1.8317344	-1.909707	-2.0512697	-1.9597975	-1.6586161	-2.0613346	-2.1659187	-2.2327789	-2.278894	-2.2883535	-2.0200628	-1.619356	-1.4408873	-1.4274735	-1.4808644	-1.5517994	-1.6240857	-1.6958581	-1.7643793
79.324138	0.00012716767	1.99535	2.0322834	2.0628553	1.7293509	1.3031329	1.4984246	1.8726956	1.9207574	1.3737271	1.1885883	1.0507167	0.96957262	0.94946924	0.99809581	-1.5833462	-1.879562	-2.0020287	-2.1453535	-2.0004088	-1.6809549	-2.2074055	-2.324432	-2.3923774	-2.4131923	-2.2580616	-1.8118502	-1.5234663	-1.4590839	-1.4989586	-1.5690253	-1.6412139	-1.7080882	-1.7700419	-1.8257601
82.262069	0.00012716767	2.0717894	2.1144552	2.1490578	1.6595678	1.3050908	1.5507571	1.9342701	1.9586759	1.291323	1.1149809	0.9936341	0.929014	0.92301142	0.98293644	-1.6046508	-1.9301175	-2.1075069	-2.2416583	-2.0354955	-1.7099452	-2.3766713	-2.5046309	-2.5649828	-2.4918444	-2.0690769	-1.6474141	-1.5052444	-1.5214028	-1.5898735	-1.6650909	-1.7329572	-1.7901671	-1.8375174	-1.8749586
85.2	0.00012716767	2.1552952	2.2043803	2.2431357	1.5836054	1.3202544	1.6083162	1.998331	1.9882808	1.2079209	1.0460024	0.94235181	0.8936719	0.90072021	0.97066287	-1.6281109	-1.9836293	-2.228071	-2.3377597	-2.0650824	-1.7479192	-2.5727647	-2.7080652	-2.7292781	-2.4030776	-1.837629	-1.5763005	-1.549942	-1.6126847	-1.6925213	-1.7652202	-1.8237651	-1.8661026	-1.8923591	-1.9040243
