r(x_rel=0.75)	t=0	t=100	t=200	t=400	t=800	t=1000	t=1200	t=1400	t=1600	t=2000	t=2100	t=2200	t=2300	t=2400	t=2500	t=3600	t=3660	t=4000	t=4100	t=4200	t=4400	t=4800	t=4900	t=5000	t=5100	t=5200	t=5300	t=5400	t=5500	t=5600	t=5700	t=5800	t=5900	t=6000	t=6090
0	29866	29722.366	29030.536	27300.429	23744.312	21938.156	20310.753	18847.496	17224.455	13696.979	12813.524	11954.985	11147.52	10408.781	9734.8854	2200.8633	1923.959	4072.106	4910.1988	5770.3364	7545.1398	10876.875	11706.185	12554.946	13424.625	14315.735	15236.459	16200.644	17212.755	18240.831	19204.9	20040.55	20767.128	21450.933	22073.624
0.20206897	29866	29718.431	29023.739	27293.134	23736.877	21930.811	20304.677	18841.291	17217.362	13689.632	12806.288	11948.062	11141.127	10402.99	9729.5603	2195.5075	1921.4407	4078.9716	4917.1568	5777.5606	7552.4388	10883.622	11713.095	12562.039	13431.882	14323.183	15244.206	16208.808	17221.287	18249.244	19212.381	20046.863	20772.802	21456.534	22079.426
0.40413793	29866	29714.469	29016.939	27285.838	23729.441	21923.467	20298.603	18835.083	17210.268	13682.285	12799.053	11941.141	11134.736	10397.201	9724.2368	2190.1513	1918.9567	4085.8368	4924.116	5784.786	7559.7369	10890.37	11720.006	12569.132	13439.14	14330.632	15251.955	16216.973	17229.821	18257.655	19219.856	20053.171	20778.475	21462.135	22085.23
0.6062069	29866	29708.865	29007.412	27275.625	23719.029	21913.189	20290.105	18826.387	17200.335	13671.999	12788.926	11931.456	11125.794	10389.102	9716.7868	2182.6517	1915.553	4095.4473	4933.8611	5794.9039	7569.9521	10899.818	11729.682	12579.064	13449.303	14341.063	15262.806	16228.409	17241.77	18269.426	19230.31	20061.995	20786.414	21469.977	22093.359
0.80827586	29866	29701.333	28994.76	27262.077	23705.216	21899.561	20278.841	18814.842	17187.154	13658.355	12775.495	11918.615	11113.943	10378.368	9706.9095	2172.7025	1911.1704	4108.1946	4946.7926	5808.33	7583.4992	10912.353	11742.522	12592.242	13462.787	14354.903	15277.207	16243.586	17257.625	18285.033	19244.157	20073.683	20796.942	21480.382	22104.147
1.0103448	29866	29691.714	28978.844	27245.056	23687.857	21882.448	20264.704	18800.322	17170.587	13641.213	12758.624	11902.493	11099.068	10364.896	9694.5081	2160.2025	1905.879	4124.2082	4963.0464	5825.2055	7600.5141	10928.107	11758.658	12608.803	13479.732	14372.298	15295.31	16262.667	17277.553	18304.627	19261.522	20088.343	20810.162	21493.459	22117.709
1.2124138	29866	29679.87	28959.592	27224.498	23666.888	21861.793	20247.651	18782.762	17150.57	13620.511	12738.256	11883.036	11081.124	10348.646	9679.5423	2145.108	1899.8107	4143.5467	4982.6876	5845.5976	7621.0556	10947.14	11778.154	12628.811	13500.204	14393.315	15317.188	16285.728	17301.63	18328.274	19282.447	20106.014	20826.12	21509.259	22134.101
1.4144828	29866	29665.663	28936.955	27200.369	23642.269	21837.57	20227.666	18762.122	17127.065	13596.213	12714.359	11860.223	11060.096	10329.602	9661.994	2127.4009	1893.1471	4166.2407	5005.754	5869.5456	7645.1528	10969.486	11801.047	12652.304	13524.24	14417.995	15342.885	16312.819	17329.903	18355.998	19306.94	20126.704	20844.836	21527.81	22153.356
1.6165517	29866	29648.946	28910.896	27172.649	23613.978	21809.769	20204.745	18738.369	17100.045	13568.302	12686.919	11834.044	11035.98	10307.764	9641.8563	2107.0783	1886.1169	4192.3084	5032.2718	5897.0764	7672.8198	10995.169	11827.359	12679.305	13551.864	14446.363	15372.432	16343.973	17362.401	18387.811	19334.988	20150.407	20866.32	21549.132	22175.501
1.8186207	29866	29629.561	28881.383	27141.326	23581.998	21778.387	20178.892	18711.475	17069.494	13536.763	12655.929	11804.501	11008.782	10283.135	9619.1285	2084.1517	1878.9987	4221.7615	5062.2612	5928.2107	7704.0626	11024.206	11857.111	12709.831	13583.094	14478.441	15405.855	16379.218	17399.147	18423.709	19366.568	20177.108	20890.577	21573.241	22200.553
2.0206897	29866	29607.347	28848.385	27106.389	23546.314	21743.431	20150.118	18681.412	17035.395	13501.59	12621.386	11771.599	10978.514	10255.727	9593.814	2058.648	1872.124	4254.608	5095.7396	5962.9657	7738.8818	11056.609	11890.315	12743.898	13617.943	14514.245	15443.175	16418.578	17440.156	18463.682	19401.646	20206.787	20917.605	21600.147	22228.532
2.2227586	29866	29582.134	28811.874	27067.834	23506.915	21704.91	20118.435	18648.152	16997.736	13462.776	12583.292	11735.349	10945.193	10225.555	9565.9188	2030.613	1865.8817	4290.8542	5132.7227	6001.3572	7777.2741	11092.39	11926.985	12781.517	13656.424	14553.789	15484.412	16462.076	17485.446	18507.713	19440.181	20239.418	20947.404	21629.861	22259.455
2.4248276	29866	29553.75	28771.821	27025.654	23463.792	21662.837	20083.859	18611.668	16956.504	13420.32	12541.651	11695.765	10908.839	10192.636	9535.4508	2000.1175	1860.7227	4330.5053	5173.226	6043.4002	7819.2333	11131.562	11967.132	12822.699	13698.548	14597.089	15529.588	16509.737	17535.029	18555.78	19482.125	20274.969	20979.969	21662.396	22293.338
2.6268966	29866	29522.025	28728.199	26979.847	23416.935	21617.233	20046.406	18571.928	16911.688	13374.219	12496.469	11652.866	10869.477	10156.992	9502.4194	1967.2645	1857.1645	4373.5664	5217.2649	6089.1093	7864.7505	11174.133	12010.77	12867.455	13744.326	14644.16	15578.724	16561.584	17588.917	18607.853	19527.423	20313.409	21015.296	21697.761	22330.201
2.8289655	29866	29486.79	28680.979	26930.409	23366.333	21568.117	20006.094	18528.901	16863.278	13324.472	12447.756	11606.67	10827.133	10118.644	9466.8353	1932.1997	1855.7955	4420.0426	5264.8551	6138.4991	7913.8148	11220.115	12057.908	12915.796	13793.767	14695.015	15631.841	16617.642	17647.121	18663.898	19576.015	20354.702	21053.38	21735.967	22370.062
3.0310345	29866	29447.881	28630.137	26877.338	23311.977	21515.517	19962.943	18482.552	16811.264	13271.081	12395.521	11557.203	10781.838	10077.62	9428.7097	1895.1238	1857.2777	4469.94	5316.0129	6191.5843	7966.4127	11269.518	12108.56	12967.732	13846.882	14749.672	15688.962	16677.935	17709.651	18723.875	19627.836	20398.813	21094.217	21777.027	22412.94
3.2331034	29866	29405.142	28575.646	26820.632	23253.857	21459.462	19916.971	18432.846	16755.636	13214.047	12339.777	11504.49	10733.624	10033.945	9388.0544	1856.3095	1862.3483	4523.2649	5370.7555	6248.3798	8022.529	11322.354	12162.736	13023.273	13903.682	14808.145	15750.113	16742.49	17776.515	18787.737	19682.813	20445.701	21137.801	21820.954	22458.859
3.4351724	29866	29358.423	28517.482	26760.289	23191.962	21399.987	19868.197	18379.745	16696.383	13153.371	12280.539	11448.56	10682.527	9987.6481	9344.8816	1816.1218	1871.8175	4580.0253	5429.1008	6308.9008	8082.1461	11378.634	12220.45	13082.43	13964.177	14870.453	15815.319	16811.336	17847.721	18855.43	19740.87	20495.329	21184.13	21867.76	22507.839
3.6372414	29866	29307.583	28455.623	26696.308	23126.281	21337.133	19816.638	18323.206	16633.499	13089.059	12217.822	11389.446	10628.586	9938.7599	9299.2034	1775.0445	1886.5629	4640.2302	5491.0676	6373.1626	8145.2446	11438.37	12281.714	13145.214	14028.379	14936.614	15884.608	16884.502	17923.275	18926.892	19801.925	20547.658	21233.199	21917.463	22559.906
3.8393103	29866	29252.489	28390.049	26628.686	23056.802	21270.943	19762.311	18263.189	16566.973	13021.113	12151.645	11327.182	10571.84	9887.3118	9251.0317	1733.7131	1907.5173	4703.8901	5556.6759	6441.1808	8211.8027	11501.576	12346.54	13211.636	14096.299	15006.649	15958.009	16962.017	18003.179	19002.054	19865.894	20602.649	21285.006	21970.077	22615.086
4.0413793	29866	29193.017	28320.739	26557.423	22983.511	21201.469	19705.229	18199.649	16496.797	12949.539	12082.029	11261.808	10512.334	9833.3365	9200.3781	1692.9569	1935.6472	4771.0173	5625.9467	6512.971	8281.7966	11568.264	12414.944	13281.708	14167.952	15080.579	16035.555	17043.913	18087.434	19080.837	19932.687	20660.263	21339.552	22025.622	22673.407
4.2434483	29866	29129.054	28247.677	26482.516	22906.395	21128.766	19645.404	18132.538	16422.964	12874.344	12008.997	11193.363	10450.113	9776.8679	9147.2533	1653.8517	1971.9199	4841.626	5698.9021	6588.5488	8355.2004	11638.45	12486.938	13355.442	14243.348	15158.427	16117.277	17130.225	18176.04	19163.154	20002.21	20720.463	21396.836	22084.118	22734.898
4.4455172	29866	29060.498	28170.849	26403.965	22825.439	21052.899	19582.842	18061.811	16345.466	12795.534	11932.574	11121.894	10385.225	9717.9404	9091.6673	1617.7864	2017.2533	4915.7325	5775.5654	6667.9295	8431.986	11712.148	12562.538	13432.85	14322.503	15240.219	16203.213	17220.984	18268.99	19248.905	20074.369	20783.215	21456.862	22145.585	22799.592
4.6475862	29866	28987.26	28090.243	26321.767	22740.626	20973.938	19517.548	17987.416	16264.296	12713.12	11852.789	11047.447	10317.721	9656.5891	9033.6287	1586.5476	2072.4429	4993.3553	5855.9608	6751.1282	8512.123	11789.375	12641.759	13513.945	14405.431	15325.982	16293.399	17316.228	18366.273	19337.984	20149.064	20848.484	21519.634	22210.048	22867.522
4.8496552	29866	28909.268	28005.848	26235.921	22651.94	20891.961	19449.519	17909.306	16179.447	12627.111	11769.672	10970.074	10247.654	9592.8495	8973.1447	1562.4269	2138.0576	5074.5152	5940.114	6838.1591	8595.5792	11870.146	12724.615	13598.739	14492.148	15415.745	16387.875	17415.991	18467.876	19430.27	20226.196	20916.241	21585.158	22277.533	22938.724
5.0517241	29866	28826.469	27917.658	26146.425	22559.36	20807.053	19378.749	17827.43	16090.914	12537.518	11683.259	10889.83	10175.078	9526.757	8910.2208	1548.3574	2214.2946	5159.2355	6028.0517	6929.0358	8682.32	11954.479	12811.124	13687.246	14582.671	15509.541	16486.684	17520.311	18573.775	19525.633	20305.666	20986.457	21653.445	22348.066	23013.237
5.2537931	29866	28738.83	27825.667	26053.277	22462.868	20719.31	19305.221	17741.738	15998.69	12444.356	11593.586	10806.773	10100.049	9458.347	8844.86	1548.0878	2300.7768	5247.5416	6119.802	7023.7704	8772.3091	12042.393	12901.3	13779.479	14677.017	15607.402	16589.869	17629.225	18683.942	19623.931	20387.374	21059.108	21724.505	22421.679	23091.102
5.4558621	29866	28646.338	27729.875	25956.476	22362.441	20628.834	19228.916	17652.181	15902.77	12347.641	11500.695	10720.965	10022.626	9387.6542	8777.0633	1566.4055	2396.2774	5339.4611	6215.394	7122.3735	8865.5084	12133.905	12995.162	13875.454	14775.206	15709.365	16697.477	17742.769	18798.338	19725.01	20471.222	21134.173	21798.355	22498.403	23172.361
5.657931	29866	28549.006	27630.281	25856.019	22258.057	20535.739	19149.802	17558.715	15803.149	12247.389	11404.632	10632.472	9942.868	9314.7123	8706.8285	1609.4214	2498.3435	5435.0234	6314.8583	7224.8536	8961.8781	12229.037	13092.725	13975.183	14877.259	15815.47	16809.556	17860.982	18916.912	19828.707	20557.116	21211.633	21875.011	22578.274	23257.062
5.86	29866	28446.891	27526.912	25751.929	22149.716	20440.164	19067.858	17461.319	15699.844	12143.645	11305.469	10541.38	9860.8534	9239.5705	8634.1669	1684.8283	2602.7823	5534.2352	6418.2014	7331.1909	9061.3549	12327.784	13193.983	14078.659	14983.173	15925.732	16926.128	17983.868	19039.574	19934.83	20644.948	21291.456	21954.474	22661.307	23345.23
