r(x_rel=1)	t=0	t=100	t=200	t=400	t=800	t=1000	t=1200	t=1400	t=1600	t=2000	t=2100	t=2200	t=2300	t=2400	t=2500	t=3600	t=3660	t=4000	t=4100	t=4200	t=4400	t=4800	t=4900	t=5000	t=5100	t=5200	t=5300	t=5400	t=5500	t=5600	t=5700	t=5800	t=5900	t=6000	t=6090
0	17038	17038.005	17039.919	17196.057	19047.371	20586.639	22330.972	24187.292	26108.419	30045.188	31036.739	32028.801	33020.885	34012.856	35004.736	45941.814	46540.351	49543.766	49999.909	50162.601	49753.988	47201.654	46373.303	45501.072	44596.807	43668.077	42720.81	41759.791	40788.824	39810.799	38827.748	37840.955	36851.132	35858.627	34963.261
0.18	17038	17038.007	17040.334	17206.243	19085.468	20631.804	22380.002	24238.513	26160.943	30098.716	31090.308	32082.376	33074.455	34066.419	35058.296	45995.683	46594.222	49575.883	50015.805	50163.043	49731.624	47157.978	46327.076	45452.915	44547.17	43617.31	42669.197	41707.559	40736.152	39757.816	38774.54	37787.573	36797.599	35804.957	34909.476
0.36	17038	17038.009	17040.783	17216.645	19123.689	20677.037	22429.069	24289.756	26213.48	30152.245	31143.877	32135.951	33128.024	34119.981	35111.856	46049.553	46648.093	49607.574	50031.251	50163.1	49709.027	47114.225	46280.789	45404.714	44497.498	43566.517	42617.564	41655.313	40683.47	39704.827	38721.328	37734.187	36744.063	35751.283	34855.688
0.54	17038	17038.014	17041.491	17231.669	19177.46	20740.506	22497.842	24361.543	26287.059	30227.19	31218.875	32210.957	33203.02	34194.969	35186.839	46124.974	46723.509	49651.032	50051.919	50162.364	49676.896	47052.808	46215.864	45337.136	44427.885	43495.352	42545.237	41582.14	40609.695	39630.626	38646.819	37659.437	36669.104	35676.131	34780.377
0.72	17038	17038.022	17042.58	17252.423	19249.248	20824.952	22589.211	24456.853	26384.713	30326.613	31318.363	32310.453	33302.505	34294.442	35286.308	46225.029	46823.546	49707.052	50077.647	50159.953	49633.403	46971.05	46129.522	45247.326	44335.413	43400.851	42449.222	41485.022	40511.793	39532.172	38547.962	37560.263	36569.655	35576.427	34680.463
0.9	17038	17038.037	17044.216	17279.822	19340.166	20931.446	22704.227	24576.732	26507.484	30451.538	31443.363	32435.46	33427.497	34419.419	35411.281	46350.747	46949.222	49774.817	50107.29	50154.66	49577.391	46867.88	46020.697	45134.223	44219.028	43281.968	42328.474	41362.921	40388.732	39408.433	38423.727	37435.634	36444.682	35451.137	34554.91
1.08	17038	17038.063	17046.631	17314.88	19451.024	21060.643	22843.461	24721.708	26655.876	30602.433	31594.34	32586.442	33578.46	34570.365	35562.223	46502.602	47100.992	49852.764	50139.171	50144.975	49507.753	46742.619	45888.762	44997.235	44078.165	43138.16	42182.474	41215.333	40240.019	39258.923	38273.633	37285.072	36293.708	35299.78	34403.24
1.26	17038	17038.111	17050.161	17358.782	19582.564	21213.061	23007.314	24892.124	26830.194	30779.554	31771.544	32763.646	33755.641	34747.529	35739.383	46680.852	47279.085	49938.779	50171.189	50129.108	49423.312	46594.71	45733.232	44835.932	43912.435	42969.071	42010.893	41041.951	40065.363	39083.366	38097.407	37108.306	36116.463	35122.09	34225.187
1.44	17038	17038.198	17055.278	17412.909	19735.534	21389.176	23196.118	25088.24	27030.654	30983.057	31975.127	32967.223	33959.191	34951.059	35942.912	46885.659	47483.616	50030.249	50200.873	50105.01	49322.782	46423.629	45553.668	44649.94	43721.518	42774.425	41813.487	40842.559	39864.569	38881.576	37894.875	36905.165	35912.775	34917.895	34020.581
1.62	17038	17038.356	17062.638	17478.852	19910.709	21589.457	23410.179	25310.278	27257.425	31213.044	32205.185	33197.267	34189.204	35181.053	36172.907	47117.129	47714.624	50124.087	50225.423	50070.402	49204.769	46228.852	45349.648	44438.912	43505.124	42553.979	41590.056	40616.987	39637.487	38653.419	37665.907	36675.524	35682.523	34687.075	33789.306
1.8	17038	17038.641	17073.133	17558.407	20108.896	21814.372	23649.792	25558.444	27510.652	31469.586	32461.784	33453.843	34445.746	35437.576	36429.434	47375.342	47972.08	50216.756	50241.748	50022.807	49067.784	46009.842	45120.745	44202.503	43262.977	42307.512	41340.42	40365.087	39383.995	38398.788	37410.405	36419.286	35425.612	34429.537	33531.273
1.98	17038	17039.158	17087.962	17653.577	20330.931	22064.401	23915.251	25832.934	27790.466	31752.734	32744.97	33736.996	34728.862	35720.676	36712.544	47660.359	48255.882	50304.292	50246.508	49959.583	48910.256	45766.048	44866.525	43940.37	42994.802	42034.808	41064.411	40086.73	39103.987	38117.592	37128.286	36136.373	35141.963	34145.206	33246.41
2.16	17038	17040.085	17108.696	17766.554	20577.668	22340.025	24206.848	26133.938	28096.987	32062.525	33054.778	34046.76	35038.587	36030.387	37022.271	47972.226	48565.826	50382.346	50236.164	49877.962	48730.558	45496.909	44586.549	43652.166	42700.331	41735.66	40761.872	39781.793	38797.367	37809.749	36819.475	35826.712	34831.507	33834.015	32934.658
2.34	17038	17041.74	17137.35	17899.707	20849.97	22641.726	24524.873	26461.646	28430.328	32398.987	33391.229	34383.158	35374.945	36366.736	37358.644	48310.979	48901.567	50446.239	50207.025	49775.092	48527.028	45201.855	44280.372	43337.544	42379.295	41409.866	40432.652	39450.165	38464.048	37475.186	36483.906	35490.238	34494.181	33495.905	32595.965
2.52	17038	17044.662	17176.455	18055.546	21148.694	22969.986	24869.618	26816.243	28790.595	32762.138	33754.342	34746.208	35737.957	36729.746	37721.687	48676.641	49262.547	50491.039	50155.31	49648.077	48297.992	44880.313	43947.55	42996.159	42031.432	41057.231	40076.609	39091.741	38103.947	37113.834	36121.514	35126.89	34129.923	33130.821	32230.285
2.7	17038	17049.752	17229.102	18236.7	21474.682	23325.272	25241.369	27197.91	29177.884	33151.99	34144.129	35135.924	36127.639	37119.433	38111.419	49069.219	49647.883	50511.648	50077.202	49494.019	48041.791	44531.717	43587.641	42627.671	41656.485	40677.567	39693.609	38706.422	37716.991	36725.629	35732.238	34736.607	33738.676	32738.71	31837.577
2.88	17038	17058.484	17298.967	18445.87	21828.743	23708.04	25640.405	27606.824	29592.285	33568.551	34560.596	35552.317	36544.003	37535.813	38527.857	49488.687	50056.205	50502.905	49968.908	49310.067	47756.805	44155.51	43200.215	42231.749	41254.21	40270.7	39283.526	38294.119	37303.108	36310.509	35316.018	34319.327	33320.382	32319.524	31417.807
3.06	17038	17073.178	17390.307	18685.785	22211.646	24118.724	26067	28043.155	30033.874	34011.823	35003.75	35995.395	36987.061	37978.899	38971.016	49934.968	50485.394	50459.691	49826.721	49093.456	47441.476	43751.153	42784.853	41808.076	40824.375	39836.465	38846.248	37854.752	36862.234	35868.414	34872.793	33874.991	32874.983	31873.214	30970.943
3.24	17038	17097.361	17507.906	18959.155	22624.106	24557.731	26521.414	28507.063	30502.718	34481.804	35473.594	36465.165	37456.823	38448.704	39440.911	50407.888	50932.204	50377.035	49647.076	48841.554	47094.333	43318.133	42341.159	41356.354	40366.767	39374.716	38381.676	37388.247	36394.31	35399.286	34402.503	33403.537	32402.424	31399.738	30496.962
3.42	17038	17136.145	17656.991	19268.614	23066.773	25025.438	27003.895	28998.697	30998.865	34978.489	35970.128	36961.635	37953.299	38945.238	39937.556	50907.091	51391.691	50250.21	49426.614	48551.901	46714.013	42855.967	41868.76	40876.307	39881.193	38885.325	37889.723	36894.543	35899.28	34903.068	33905.086	32904.902	31902.647	30899.055	29995.85
3.6	17038	17196.535	17843.104	19616.664	23540.226	25522.191	27514.676	29518.19	31522.351	35501.874	36493.355	37484.81	38476.498	39468.515	40460.966	51431.881	51856.383	50074.817	49162.234	48222.248	46299.277	42364.206	41367.315	40367.689	39367.487	38368.185	37370.319	36373.588	35377.095	34379.703	33380.478	32379.023	31375.598	30371.128	29467.6
3.78	17038	17287.519	18071.952	20005.618	24044.962	26048.294	28053.971	30065.661	32073.189	36051.948	37043.275	38034.697	39026.429	40018.545	41011.156	51980.904	52315.099	49846.853	48851.151	47850.593	45849.033	41842.444	40836.515	39830.283	38825.511	37823.212	36823.413	35825.338	34827.706	33829.133	32828.616	31825.835	30821.223	29815.929	28912.218
3.96	17038	17419.753	18349.23	20437.542	24581.393	26604.016	28621.978	30641.206	32651.373	36628.705	37619.889	38611.303	39603.103	40595.341	41588.142	52551.548	52751.339	49562.781	48490.945	47435.21	45362.346	41290.321	40276.093	39263.912	38255.158	37250.347	36248.966	35249.761	34251.071	33251.3	32249.429	31245.271	30239.471	29233.434	28329.727
4.14	17038	17604.805	18680.423	20914.199	25149.843	27189.584	29218.873	31244.9	33256.873	37232.135	38223.202	39214.637	40206.531	41198.916	42191.942	53138.761	53141.229	49219.588	48079.605	46974.671	44838.449	40707.526	39685.828	38668.439	37656.359	36649.558	35646.961	34646.832	33647.146	32646.141	31642.847	30637.265	29630.294	28623.632	27720.167
4.32	17038	17854.109	19070.602	21437.002	25750.543	27805.186	29844.81	31876.789	33889.634	37862.234	38853.217	39844.708	40836.724	41829.285	42822.576	53732.759	53451.231	48814.857	47615.557	46467.873	44276.756	40093.804	39065.546	38043.773	37029.08	36020.839	35017.395	34016.531	33015.886	32013.591	31008.796	30001.75	28993.65	27986.523	27083.602
4.5	17038	18178.027	19524.224	22006.963	26383.638	28450.97	30499.92	32536.893	34549.574	38518.997	39509.942	40501.526	41493.694	42486.463	43480.068	54314.537	53636.394	48346.843	47097.689	45914.044	43676.86	39448.955	38415.126	37389.869	36373.326	35364.212	34360.281	33358.847	32357.245	31353.579	30347.198	29338.661	28329.505	27322.124	26420.126
4.68	17038	18585.284	20044.93	22624.653	27049.182	29127.047	31184.31	33225.193	35236.585	39202.425	40193.386	41185.104	42177.456	43170.467	44164.442	54847.1	53641.264	47814.522	46525.356	45312.758	43038.538	38772.843	37734.508	36706.739	35689.141	34679.724	33675.647	32673.767	31671.172	30666.027	29657.971	28647.934	27637.834	26630.471	25729.868
4.86	17038	19082.62	20635.362	23290.177	27747.147	29833.494	31898.058	33941.638	35950.532	39912.52	40903.561	41895.456	42888.025	43881.316	44875.73	55258.3	53408.525	47217.619	45898.384	44663.935	42361.744	38065.393	37023.693	35994.444	34976.61	33967.447	32963.53	31961.281	30957.608	29950.852	28941.032	27929.513	26918.627	25911.628	25013
5.04	17038	19674.328	21296.999	24003.147	28477.428	30570.357	32641.207	34686.134	36691.253	40649.291	41640.484	42632.598	43625.418	44619.034	45613.969	55407.234	52906.824	46556.578	45217.056	43967.836	41646.607	37326.602	36282.748	35253.104	34235.857	33227.477	32223.974	31221.371	30216.484	29207.961	28196.296	27183.345	26171.89	25165.688	24269.751
5.22	17038	20361.638	22029.813	24762.465	29239.66	31337.464	33413.575	35458.36	37458.389	41412.574	42403.993	43396.367	44389.475	45383.464	46379.019	55020.947	52202.445	45832.741	44482.338	43225.277	40893.614	36556.725	35512	34483.075	33467.22	32460.105	31457.21	30454.192	29447.904	28437.44	27423.865	26409.576	25397.836	24392.967	23500.588
