x	t=0	t=100	t=200	t=400	t=800	t=1000	t=1200	t=1400	t=1600	t=2000	t=2100	t=2200	t=2300	t=2400	t=2500	t=3600	t=3660	t=4000	t=4100	t=4200	t=4400	t=4800	t=4900	t=5000	t=5100	t=5200	t=5300	t=5400	t=5500	t=5600	t=5700	t=5800	t=5900	t=6000	t=6090
0	0.092020002	0.16708178	0.16289623	0.15826188	0.15461947	0.15830816	0.1680795	0.18428671	0.18952872	0.19439382	0.19700444	0.20056709	0.20550787	0.21265406	0.22326204	0.55335022	0.38425308	0.15113712	0.13512503	0.12599853	0.10648342	0.066309773	0.062094101	0.059556255	0.057779057	0.05572739	0.053229915	0.050582554	0.047921144	0.045243495	0.042486438	0.039550442	0.036277222	0.032368442	0.027818912
2.937931	0.092020002	0.16708113	0.16289558	0.15826122	0.15461881	0.15830751	0.16807884	0.18428605	0.18952807	0.19439316	0.19700378	0.20056643	0.20550722	0.21265341	0.22326139	0.55335087	0.38425373	0.15113778	0.13512569	0.12599919	0.10648407	0.066310429	0.062094758	0.059556912	0.057779714	0.055728048	0.053230572	0.05058321	0.0479218	0.045244151	0.042487093	0.039551097	0.036277877	0.032369096	0.027819565
5.8758621	0.092020002	0.16708049	0.16289494	0.15826058	0.15461818	0.15830688	0.16807822	0.18428542	0.18952743	0.19439253	0.19700315	0.2005658	0.20550659	0.21265279	0.22326077	0.55335151	0.38425437	0.15113841	0.13512632	0.12599982	0.10648471	0.066311066	0.062095397	0.059557552	0.057780355	0.055728688	0.053231212	0.05058385	0.047922439	0.045244789	0.042487729	0.039551731	0.036278509	0.032369726	0.027820194
8.8137931	0.092020002	0.16707987	0.16289432	0.15825996	0.15461756	0.15830626	0.16807762	0.18428481	0.18952681	0.19439191	0.19700254	0.2005652	0.20550599	0.21265219	0.22326018	0.55335212	0.38425499	0.15113903	0.13512694	0.12600044	0.10648532	0.066311685	0.062096018	0.059558175	0.057780979	0.055729312	0.053231835	0.050584471	0.047923059	0.045245407	0.042488345	0.039552345	0.03627912	0.032370333	0.027820798
11.751724	0.092020002	0.16707927	0.16289372	0.15825936	0.15461696	0.15830567	0.16807704	0.18428422	0.18952621	0.19439132	0.19700195	0.20056462	0.20550541	0.21265163	0.22325962	0.5533527	0.38425559	0.15113963	0.13512755	0.12600105	0.10648592	0.066312285	0.062096621	0.059558781	0.057781587	0.05572992	0.053232442	0.050585076	0.047923661	0.045246006	0.042488941	0.039552937	0.036279708	0.032370916	0.027821378
14.689655	0.092020002	0.16707869	0.16289313	0.15825877	0.15461638	0.15830511	0.16807649	0.18428365	0.18952563	0.19439075	0.19700139	0.20056406	0.20550487	0.21265109	0.22325909	0.55335327	0.38425617	0.1511402	0.13512813	0.12600163	0.10648649	0.066312866	0.062097207	0.05955937	0.057782178	0.055730511	0.053233031	0.050585663	0.047924245	0.045246586	0.042489518	0.039553509	0.036280274	0.032371476	0.027821933
17.627586	0.092020002	0.16707812	0.16289257	0.15825821	0.15461581	0.15830456	0.16807596	0.1842831	0.18952507	0.1943902	0.19700084	0.20056352	0.20550434	0.21265058	0.22325859	0.55335381	0.38425673	0.15114076	0.1351287	0.1260022	0.10648705	0.066313428	0.062097775	0.059559942	0.057782752	0.055731085	0.053233603	0.050586232	0.04792481	0.045247147	0.042490073	0.039554059	0.036280817	0.032372012	0.027822464
20.565517	0.092020002	0.16707758	0.16289202	0.15825766	0.15461527	0.15830403	0.16807546	0.18428257	0.18952453	0.19438967	0.19700032	0.20056301	0.20550385	0.21265009	0.22325812	0.55335433	0.38425727	0.1511413	0.13512925	0.12600275	0.10648758	0.066313972	0.062098325	0.059560497	0.057783309	0.055731642	0.053234158	0.050586783	0.047925356	0.045247688	0.042490608	0.039554587	0.036281337	0.032372523	0.027822971
23.503448	0.092020002	0.16707705	0.16289149	0.15825713	0.15461475	0.15830353	0.16807499	0.18428206	0.18952401	0.19438916	0.19699982	0.20056253	0.20550338	0.21264964	0.22325768	0.55335482	0.38425779	0.15114182	0.13512978	0.12600328	0.10648809	0.066314496	0.062098857	0.059561034	0.057783849	0.055732182	0.053234695	0.050587315	0.047925883	0.045248209	0.042491122	0.039555092	0.036281833	0.03237301	0.027823453
26.441379	0.092020002	0.16707655	0.16289098	0.15825662	0.15461424	0.15830306	0.16807454	0.18428157	0.1895235	0.19438867	0.19699935	0.20056207	0.20550293	0.21264922	0.22325726	0.5533553	0.38425829	0.15114232	0.13513029	0.12600379	0.10648858	0.066315002	0.062099371	0.059561554	0.057784372	0.055732704	0.053235214	0.050587829	0.047926391	0.045248709	0.042491614	0.039555575	0.036282306	0.032373472	0.027823912
29.37931	0.092020002	0.16707606	0.1628905	0.15825613	0.15461376	0.1583026	0.16807411	0.18428111	0.18952302	0.19438821	0.1969989	0.20056163	0.20550252	0.21264882	0.22325687	0.55335575	0.38425877	0.1511428	0.13513078	0.12600428	0.10648905	0.066315488	0.062099866	0.059562056	0.057784877	0.055733209	0.053235714	0.050588324	0.047926878	0.045249189	0.042492084	0.039556035	0.036282754	0.03237391	0.027824348
32.317241	0.092020002	0.1670756	0.16289003	0.15825565	0.15461329	0.15830217	0.16807371	0.18428066	0.18952256	0.19438777	0.19699847	0.20056122	0.20550213	0.21264845	0.22325651	0.55335618	0.38425923	0.15114326	0.13513125	0.12600475	0.1064895	0.066315955	0.062100343	0.059562539	0.057785365	0.055733695	0.053236196	0.050588799	0.047927345	0.045249646	0.042492531	0.03955647	0.036283176	0.032374323	0.027824761
35.255172	0.092020002	0.16707515	0.16288958	0.1582552	0.15461285	0.15830176	0.16807333	0.18428024	0.18952211	0.19438735	0.19699807	0.20056084	0.20550176	0.2126481	0.22325618	0.55335658	0.38425967	0.1511437	0.13513171	0.1260052	0.10648992	0.066316403	0.062100801	0.059563005	0.057785834	0.055734163	0.053236659	0.050589254	0.047927791	0.045250082	0.042492955	0.039556881	0.036283574	0.032374712	0.027825154
38.193103	0.092020002	0.16707472	0.16288915	0.15825477	0.15461243	0.15830138	0.16807298	0.18427983	0.18952169	0.19438695	0.19699769	0.20056048	0.20550143	0.21264779	0.22325587	0.55335697	0.38426008	0.15114412	0.13513214	0.12600563	0.10649033	0.066316831	0.06210124	0.059563451	0.057786284	0.055734612	0.053237102	0.050589688	0.047928215	0.045250494	0.042493354	0.039557266	0.036283946	0.032375079	0.027825527
41.131034	0.092020002	0.16707432	0.16288874	0.15825436	0.15461203	0.15830102	0.16807264	0.18427945	0.18952129	0.19438658	0.19699733	0.20056014	0.20550112	0.21264749	0.22325559	0.55335733	0.38426048	0.15114452	0.13513255	0.12600604	0.10649071	0.066317239	0.062101659	0.059563879	0.057786715	0.055735041	0.053237524	0.0505901	0.047928616	0.045250882	0.042493728	0.039557625	0.036284293	0.032375424	0.027825881
44.068966	0.092020002	0.16707394	0.16288835	0.15825397	0.15461165	0.15830069	0.16807233	0.18427908	0.18952091	0.19438623	0.196997	0.20055984	0.20550083	0.21264723	0.22325532	0.55335767	0.38426085	0.15114489	0.13513295	0.12600643	0.10649107	0.066317627	0.062102059	0.059564286	0.057787127	0.05573545	0.053237925	0.050590491	0.047928994	0.045251246	0.042494076	0.039557958	0.036284616	0.032375748	0.027826215
47.006897	0.092020002	0.16707358	0.16288799	0.1582536	0.1546113	0.15830038	0.16807205	0.18427874	0.18952055	0.19438591	0.1969967	0.20055956	0.20550057	0.21264698	0.22325509	0.55335798	0.3842612	0.15114525	0.13513332	0.1260068	0.1064914	0.066317994	0.062102438	0.059564674	0.057787518	0.055735838	0.053238304	0.050590858	0.047929347	0.045251583	0.042494397	0.039558265	0.036284916	0.032376052	0.027826531
49.944828	0.092020002	0.16707324	0.16288765	0.15825325	0.15461097	0.1583001	0.16807178	0.18427842	0.18952022	0.19438561	0.19699642	0.2005593	0.20550034	0.21264677	0.22325487	0.55335828	0.38426153	0.15114558	0.13513367	0.12600715	0.10649171	0.06631834	0.062102797	0.059565041	0.057787888	0.055736204	0.053238661	0.050591201	0.047929675	0.045251894	0.042494691	0.039558546	0.036285195	0.032376338	0.027826829
52.882759	0.092020002	0.16707292	0.16288733	0.15825293	0.15461066	0.15829985	0.16807153	0.18427812	0.18951991	0.19438534	0.19699617	0.20055907	0.20550013	0.21264657	0.22325467	0.55335855	0.38426184	0.15114589	0.13513399	0.12600747	0.106492	0.066318665	0.062103134	0.059565386	0.057788236	0.055736548	0.053238993	0.050591519	0.047929976	0.045252177	0.042494957	0.039558803	0.036285454	0.032376605	0.027827108
55.82069	0.092020002	0.16707263	0.16288703	0.15825263	0.15461038	0.15829962	0.1680713	0.18427785	0.18951962	0.19438509	0.19699594	0.20055886	0.20549994	0.21264639	0.2232545	0.5533588	0.38426212	0.15114618	0.1351343	0.12600777	0.10649227	0.066318968	0.062103449	0.059565709	0.057788562	0.055736868	0.053239301	0.050591811	0.047930249	0.045252431	0.042495197	0.039559038	0.036285693	0.032376854	0.027827368
58.758621	0.092020002	0.16707236	0.16288676	0.15825236	0.15461012	0.15829941	0.1680711	0.18427759	0.18951936	0.19438487	0.19699574	0.20055868	0.20549978	0.21264624	0.22325434	0.55335902	0.38426238	0.15114644	0.13513458	0.12600804	0.10649251	0.066319248	0.062103741	0.059566008	0.057788863	0.055737164	0.053239583	0.050592075	0.047930493	0.045252657	0.042495412	0.039559252	0.036285913	0.032377083	0.027827607
61.696552	0.092020002	0.16707212	0.16288651	0.15825211	0.15460989	0.15829923	0.16807091	0.18427736	0.18951912	0.19438467	0.19699556	0.20055853	0.20549963	0.2126461	0.2232542	0.55335923	0.38426261	0.15114669	0.13513484	0.12600829	0.10649272	0.066319504	0.062104009	0.059566283	0.05778914	0.055737433	0.053239837	0.050592309	0.047930707	0.045252854	0.042495603	0.039559446	0.036286114	0.032377293	0.027827826
64.634483	0.092020002	0.1670719	0.16288629	0.15825188	0.15460969	0.15829908	0.16807075	0.18427716	0.1895189	0.1943845	0.19699541	0.20055839	0.20549951	0.21264598	0.22325408	0.55335941	0.38426282	0.1511469	0.13513507	0.12600851	0.10649291	0.066319736	0.062104252	0.059566532	0.057789391	0.055737675	0.053240063	0.050592514	0.047930891	0.045253026	0.042495773	0.03955962	0.036286295	0.032377482	0.027828023
67.572414	0.092020002	0.16707171	0.16288609	0.15825169	0.15460952	0.15829894	0.1680706	0.18427698	0.18951872	0.19438436	0.19699528	0.20055828	0.20549941	0.21264588	0.22325398	0.55335956	0.384263	0.15114709	0.13513527	0.1260087	0.10649308	0.066319943	0.062104468	0.059566755	0.057789614	0.055737889	0.053240258	0.050592687	0.047931046	0.045253173	0.042495922	0.039559775	0.036286456	0.032377649	0.027828196
70.510345	0.092020002	0.16707154	0.16288593	0.15825151	0.15460937	0.15829883	0.16807048	0.18427682	0.18951856	0.19438424	0.19699518	0.20055818	0.20549932	0.2126458	0.22325389	0.5533597	0.38426316	0.15114726	0.13513545	0.12600887	0.10649322	0.066320122	0.062104657	0.059566949	0.057789807	0.055738071	0.053240421	0.050592829	0.047931174	0.045253299	0.04249605	0.039559909	0.036286595	0.032377794	0.027828346
73.448276	0.092020002	0.1670714	0.16288579	0.15825137	0.15460925	0.15829874	0.16807037	0.18427669	0.18951843	0.19438414	0.19699509	0.20055811	0.20549925	0.21264573	0.22325382	0.55335981	0.38426329	0.1511474	0.13513559	0.12600901	0.10649334	0.066320274	0.062104816	0.059567112	0.05778997	0.055738222	0.053240551	0.05059294	0.047931277	0.045253403	0.042496158	0.039560021	0.036286712	0.032377915	0.027828471
76.386207	0.092020002	0.1670713	0.16288567	0.15825126	0.15460915	0.15829867	0.16807029	0.18427659	0.18951832	0.19438407	0.19699503	0.20055805	0.2054992	0.21264568	0.22325377	0.55335989	0.38426339	0.1511475	0.13513571	0.12600912	0.10649343	0.066320396	0.062104944	0.059567244	0.057790099	0.055738339	0.053240648	0.050593024	0.047931358	0.045253485	0.042496244	0.039560111	0.036286805	0.032378011	0.02782857
79.324138	0.092020002	0.16707122	0.16288559	0.15825118	0.15460909	0.15829862	0.16807023	0.18427652	0.18951825	0.19438401	0.19699498	0.20055801	0.20549916	0.21264565	0.22325373	0.55335995	0.38426347	0.15114758	0.1351358	0.12600919	0.10649349	0.066320486	0.062105039	0.059567341	0.057790194	0.05573842	0.053240714	0.050593082	0.047931416	0.045253545	0.042496307	0.039560176	0.036286873	0.032378081	0.027828642
82.262069	0.092020002	0.16707117	0.16288555	0.15825113	0.15460905	0.15829859	0.1680702	0.18427647	0.1895182	0.19438399	0.19699496	0.20055799	0.20549914	0.21264563	0.22325371	0.55335999	0.38426351	0.15114763	0.13513585	0.12600924	0.10649353	0.066320541	0.062105098	0.059567401	0.057790251	0.055738467	0.053240752	0.050593117	0.047931451	0.045253582	0.042496346	0.039560217	0.036286915	0.032378124	0.027828685
85.2	0.092020002	0.16707115	0.16288553	0.15825111	0.15460904	0.15829858	0.16807018	0.18427646	0.18951819	0.19438398	0.19699495	0.20055798	0.20549914	0.21264562	0.2232537	0.55336	0.38426353	0.15114765	0.13513587	0.12600926	0.10649355	0.06632056	0.062105118	0.059567421	0.05779027	0.055738482	0.053240764	0.050593129	0.047931464	0.045253595	0.042496359	0.03956023	0.036286929	0.032378138	0.0278287
