t(s)	total_voltage(V)
0	4.178911
0.1	4.1786296
0.3	4.1786035
0.7	4.1785567
1.5	4.1784799
3.1	4.178366
6.3	4.1782075
12.7	4.1779854
25.5	4.177668
51.1	4.1772251
102.3	4.1766285
192.3	4.1758886
282.3	4.1752941
372.3	4.1747654
462.3	4.1742594
552.3	4.1737696
642.3	4.1733
732.3	4.1728439
822.3	4.1723939
912.3	4.1719513
1000	4.1715275
1090	4.171097
1180	4.1706701
1270	4.1702464
1360	4.1698252
1450	4.1694059
1540	4.1689886
1630	4.1685728
1720	4.1681584
1810	4.1677451
1900	4.1673331
1990	4.1669222
2000	4.1668766
2090	4.1664667
2180	4.1660578
2270	4.16565
2360	4.1652431
2450	4.164837
2540	4.1644319
2630	4.1640277
2720	4.1636244
2810	4.1632219
2900	4.1628205
2990	4.1624199
3080	4.16202
3170	4.1616213
3260	4.1612235
3350	4.1608265
3440	4.1604303
3530	4.1600353
3620	4.1596412
3710	4.1592478
3800	4.1588556
3890	4.1584643
3980	4.1580739
4000	4.1579873
4090	4.157598
4180	4.1572098
4270	4.1568227
4360	4.1564364
4450	4.156051
4540	4.1556669
4630	4.1552836
4720	4.1549013
4810	4.15452
4900	4.1541399
4990	4.1537607
5080	4.1533824
5170	4.1530054
5260	4.1526293
5350	4.1522542
5440	4.1518802
5530	4.1515074
5620	4.1511355
5710	4.1507646
5800	4.150395
5890	4.1500264
5980	4.1496588
6070	4.1492923
6160	4.1489271
6250	4.1485628
6340	4.1481996
6430	4.1478376
6520	4.1474768
6610	4.1471169
6700	4.1467583
6790	4.1464009
6880	4.1460445
6970	4.1456892
7060	4.1453352
7150	4.1449824
7240	4.1446305
7330	4.1442799
7420	4.1439306
7510	4.1435824
7600	4.1432351
7690	4.1428894
7780	4.1425448
7870	4.1422012
7960	4.1418589
8050	4.1415179
8140	4.141178
8230	4.1408392
8320	4.1405019
8410	4.1401657
8500	4.1398306
8590	4.1394968
8680	4.1391644
8770	4.1388331
8860	4.1385028
8950	4.1381741
9040	4.1378467
9130	4.1375203
9220	4.1371952
9310	4.1368715
9400	4.136549
9490	4.1362276
9580	4.1359077
9670	4.1355891
9760	4.1352716
9850	4.1349553
9940	4.1346406
10030	4.1343271
10120	4.1340146
10210	4.1337037
10300	4.1333942
10390	4.1330857
10480	4.1327786
10570	4.132473
10660	4.1321685
10750	4.1318652
10840	4.1315635
10930	4.1312631
11020	4.1309639
11110	4.130666
11200	4.1303696
11290	4.1300745
11380	4.1297805
11470	4.1294881
11560	4.129197
11650	4.1289071
11740	4.1286186
11830	4.1283315
11920	4.1280458
12010	4.1277612
12100	4.1274782
12190	4.1271966
12280	4.1269162
12370	4.1266371
12460	4.1263595
12550	4.1260833
12640	4.1258082
12730	4.1255347
12820	4.1252626
12910	4.1249918
13000	4.1247222
13090	4.1244542
13180	4.1241876
13270	4.1239221
13360	4.1236582
13450	4.1233957
13540	4.1231345
13630	4.1228745
13720	4.1226162
13810	4.1223591
13900	4.1221033
13990	4.121849
14080	4.1215962
14170	4.1213446
14260	4.1210943
14350	4.1208456
14440	4.1205983
14530	4.1203521
14620	4.1201075
14710	4.1198643
14800	4.1196224
14890	4.1193818
14980	4.1191428
15070	4.1189051
15160	4.1186687
15250	4.1184337
15340	4.1182002
15430	4.117968
15520	4.1177371
15610	4.1175077
15700	4.1172797
15790	4.1170529
15880	4.1168276
15970	4.1166037
16060	4.1163812
16150	4.1161599
16240	4.1159402
16330	4.1157218
16420	4.1155046
16510	4.1152889
16600	4.1150746
16690	4.1148617
16780	4.11465
16870	4.1144398
16960	4.114231
17050	4.1140233
17140	4.1138172
17230	4.1136125
17320	4.113409
17410	4.1132068
17500	4.1130061
17590	4.1128068
17680	4.1126086
17770	4.1124119
17860	4.1122166
17950	4.1120225
18040	4.1118298
18130	4.1116385
18220	4.1114484
18310	4.1112596
18400	4.1110723
18490	4.1108863
18580	4.1107015
18670	4.110518
18760	4.1103359
18850	4.1101551
18940	4.1099756
19030	4.1097974
19120	4.1096205
19210	4.1094449
19300	4.1092705
19390	4.1090976
19480	4.1089258
19570	4.1087553
19660	4.1085861
19750	4.1084182
19840	4.1082516
19930	4.1080861
20020	4.1079221
20110	4.1077592
20200	4.1075975
20290	4.1074372
20380	4.1072781
20470	4.1071202
20560	4.1069635
20650	4.1068082
20740	4.106654
20830	4.106501
20920	4.1063493
21010	4.1061988
21100	4.1060494
21190	4.1059012
21280	4.1057544
21370	4.1056086
21460	4.105464
21550	4.1053207
21640	4.1051785
21730	4.1050375
21820	4.1048976
21910	4.104759
22000	4.1046214
22090	4.104485
22180	4.1043498
22270	4.1042157
22360	4.1040827
22450	4.1039508
22540	4.1038201
22630	4.1036905
22720	4.1035619
22810	4.1034346
22900	4.1033083
22990	4.1031831
23080	4.1030589
23170	4.1029359
23260	4.102814
23350	4.102693
23440	4.1025732
23530	4.1024544
23620	4.1023366
23710	4.1022199
23800	4.1021043
23890	4.1019896
23980	4.1018759
24070	4.1017634
24160	4.1016518
24250	4.1015411
24340	4.1014315
24430	4.1013229
24520	4.1012153
24610	4.1011085
24700	4.1010029
24790	4.1008982
24880	4.1007943
24970	4.1006914
25060	4.1005896
25150	4.1004886
25240	4.1003885
25330	4.1002894
25420	4.1001912
25510	4.1000938
25600	4.0999973
25690	4.0999018
25780	4.0998072
25870	4.0997133
25960	4.0996204
26050	4.0995283
26140	4.099437
26230	4.0993466
26320	4.0992571
26410	4.0991683
26500	4.0990803
26590	4.0989932
26680	4.098907
26770	4.0988214
26860	4.0987366
26950	4.0986527
27040	4.0985695
27130	4.098487
27220	4.0984054
27310	4.0983245
27400	4.0982442
27490	4.0981647
27580	4.098086
27670	4.098008
27760	4.0979306
27850	4.097854
27940	4.0977781
28030	4.0977028
28120	4.0976281
28210	4.0975542
28300	4.0974809
28390	4.0974083
28480	4.0973363
28570	4.097265
28660	4.0971942
28750	4.097124
28840	4.0970546
28930	4.0969856
29020	4.0969172
29110	4.0968495
29200	4.0967823
29290	4.0967156
29380	4.0966496
29470	4.0965841
29560	4.096519
29650	4.0964545
29740	4.0963906
29830	4.0963272
29920	4.0962642
30010	4.0962018
30100	4.0961399
30190	4.0960783
30280	4.0960173
30370	4.0959568
30460	4.0958967
30550	4.095837
30640	4.0957778
30730	4.095719
30820	4.0956606
30910	4.0956026
31000	4.0955451
31090	4.0954879
31180	4.095431
31270	4.0953746
31360	4.0953186
31450	4.0952629
31540	4.0952075
31630	4.0951525
31720	4.0950978
31810	4.0950434
31900	4.0949894
31990	4.0949356
32080	4.0948822
32170	4.094829
32260	4.0947761
32350	4.0947235
32440	4.0946711
32530	4.0946191
32620	4.0945672
32710	4.0945156
32800	4.0944642
32890	4.0944131
32980	4.0943621
33070	4.0943114
33160	4.0942608
33250	4.0942105
33340	4.0941603
33430	4.0941102
33520	4.0940604
33610	4.0940107
33700	4.0939611
33790	4.0939117
33880	4.0938625
33970	4.0938133
34060	4.0937642
34150	4.0937153
34240	4.0936664
34330	4.0936177
34420	4.093569
34510	4.0935204
34600	4.0934718
34690	4.0934233
34780	4.0933749
34870	4.0933265
34960	4.0932781
35050	4.0932298
35140	4.0931815
35230	4.0931331
35320	4.0930848
35410	4.0930365
35500	4.0929882
35590	4.0929398
35680	4.0928914
35770	4.092843
35860	4.0927945
35950	4.092746
36040	4.0926974
36130	4.0926487
36220	4.0926
36310	4.0925512
36400	4.0925023
36490	4.0924533
36580	4.0924042
36670	4.092355
36760	4.0923056
36850	4.0922562
36940	4.0922066
37030	4.0921568
37120	4.092107
37210	4.0920569
37300	4.0920067
37390	4.0919563
37480	4.0919058
37570	4.0918551
37660	4.0918041
37750	4.091753
37840	4.0917017
37930	4.0916502
38020	4.0915984
38110	4.0915464
38200	4.0914942
38290	4.0914418
38380	4.0913891
38470	4.0913362
38560	4.091283
38650	4.0912295
38740	4.0911758
38830	4.0911218
38920	4.0910675
39010	4.0910129
39100	4.0909581
39190	4.0909029
39280	4.0908474
39370	4.0907916
39460	4.0907355
39550	4.0906791
39640	4.0906223
39730	4.0905653
39820	4.0905078
39910	4.09045
40000	4.0903919
40090	4.0903334
40180	4.0902745
40270	4.0902153
40360	4.0901557
40450	4.0900957
40540	4.0900353
40630	4.0899745
40720	4.0899133
40810	4.0898517
40900	4.0897897
40990	4.0897274
41080	4.0896645
41170	4.0896013
41260	4.0895376
41350	4.0894735
41440	4.089409
41530	4.089344
41620	4.0892786
41710	4.0892127
41800	4.0891463
41890	4.0890795
41980	4.0890122
42070	4.0889445
42160	4.0888762
42250	4.0888075
42340	4.0887384
42430	4.0886686
42520	4.0885985
42610	4.0885278
42700	4.0884566
42790	4.0883849
42880	4.0883128
42970	4.0882401
43060	4.0881668
43150	4.0880931
43240	4.0880188
43330	4.087944
43420	4.0878686
43510	4.0877928
43600	4.0877164
43690	4.0876394
43780	4.0875618
43870	4.0874838
43960	4.0874052
44050	4.087326
44140	4.0872462
44230	4.087166
44320	4.087085
44410	4.0870036
44500	4.0869216
44590	4.086839
44680	4.0867558
44770	4.086672
44860	4.0865877
44950	4.0865027
45040	4.0864171
45130	4.086331
45220	4.0862443
45310	4.0861569
45400	4.086069
45490	4.0859805
45580	4.0858913
45670	4.0858015
45760	4.0857111
45850	4.0856201
45940	4.0855285
46030	4.0854362
46120	4.0853434
46210	4.0852499
46300	4.0851558
46390	4.085061
46480	4.0849657
46570	4.0848696
46660	4.084773
46750	4.0846757
46840	4.0845778
46930	4.0844792
47020	4.08438
47110	4.0842802
47200	4.0841796
47290	4.0840785
47380	4.0839767
47470	4.0838743
47560	4.0837711
47650	4.0836674
47740	4.0835631
47830	4.0834579
47920	4.0833522
48010	4.0832459
48100	4.0831388
48190	4.0830311
48280	4.0829227
48370	4.0828138
48460	4.082704
48550	4.0825937
48640	4.0824827
48730	4.082371
48820	4.0822586
48910	4.0821456
49000	4.082032
49090	4.0819176
49180	4.0818025
49270	4.0816869
49360	4.0815705
49450	4.0814534
49540	4.0813357
49630	4.0812174
49720	4.0810983
49810	4.0809786
49900	4.0808582
49990	4.0807372
50080	4.0806154
50170	4.080493
50260	4.0803699
50350	4.0802461
50440	4.0801216
50530	4.0799966
50620	4.0798708
50710	4.0797443
50800	4.0796172
50890	4.0794894
50980	4.0793609
51070	4.0792317
51160	4.0791019
51250	4.0789715
51340	4.0788403
51430	4.0787084
51520	4.078576
51610	4.0784428
51700	4.0783089
51790	4.0781744
51880	4.0780393
51970	4.0779034
52060	4.0777668
52150	4.0776297
52240	4.0774919
52330	4.0773533
52420	4.0772142
52510	4.0770744
52600	4.0769338
52690	4.0767926
52780	4.0766509
52870	4.0765084
52960	4.0763652
53050	4.0762214
53140	4.076077
53230	4.0759319
53320	4.0757861
53410	4.0756397
53500	4.0754927
53590	4.0753449
53680	4.0751966
53770	4.0750476
53860	4.0748979
53950	4.0747476
54040	4.0745967
54130	4.0744451
54220	4.0742929
54310	4.07414
54400	4.0739866
54490	4.0738324
54580	4.0736776
54670	4.0735222
54760	4.0733662
54850	4.0732095
54940	4.0730523
55030	4.0728944
55120	4.0727358
55210	4.0725766
55300	4.0724169
55390	4.0722565
55480	4.0720955
55570	4.0719338
55660	4.0717716
55750	4.0716087
55840	4.0714453
55930	4.0712812
56020	4.0711166
56110	4.0709512
56200	4.0707854
56290	4.0706189
56380	4.0704518
56470	4.0702841
56560	4.0701159
56650	4.0699471
56740	4.0697776
56830	4.0696075
56920	4.069437
57010	4.0692658
57100	4.069094
57190	4.0689216
57280	4.0687487
57370	4.0685752
57460	4.0684011
57550	4.0682265
57640	4.0680513
57730	4.0678755
57820	4.0676991
57910	4.0675223
58000	4.0673448
58090	4.0671668
58180	4.0669882
58270	4.0668091
58360	4.0666295
58450	4.0664493
58540	4.0662686
58630	4.0660873
58720	4.0659054
58810	4.0657231
58900	4.0655402
58990	4.0653568
59080	4.0651728
59170	4.0649884
59260	4.0648034
59350	4.0646179
59440	4.0644319
59530	4.0642454
59620	4.0640583
59710	4.0638707
59800	4.0636827
59890	4.0634941
59980	4.063305
60070	4.0631155
60160	4.0629255
60250	4.0627349
60340	4.0625438
60430	4.0623523
60520	4.0621603
60610	4.0619678
60700	4.0617748
60790	4.0615814
60880	4.0613875
60970	4.0611931
61060	4.0609983
61150	4.0608029
61240	4.0606071
61330	4.0604109
61420	4.0602142
61510	4.060017
61600	4.0598194
61690	4.0596214
61780	4.0594229
61870	4.0592239
61960	4.0590245
62050	4.0588248
62140	4.0586245
62230	4.0584238
62320	4.0582227
62410	4.0580212
62500	4.0578192
62590	4.0576168
62680	4.0574141
62770	4.0572108
62860	4.0570072
62950	4.0568032
63040	4.0565988
63130	4.0563939
63220	4.0561887
63310	4.0559831
63400	4.055777
63490	4.0555706
63580	4.0553638
63670	4.0551567
63760	4.0549491
63850	4.0547411
63940	4.0545329
64030	4.0543241
64120	4.0541151
64210	4.0539056
64300	4.0536959
64390	4.0534857
64480	4.0532752
64570	4.0530643
64660	4.0528531
64750	4.0526415
64840	4.0524296
64930	4.0522173
65020	4.0520047
65110	4.0517918
65200	4.0515785
65290	4.0513649
65380	4.0511509
65470	4.0509367
65560	4.0507221
65650	4.0505071
65740	4.0502919
65830	4.0500764
65920	4.0498605
66010	4.0496443
66100	4.0494279
66190	4.0492111
66280	4.048994
66370	4.0487766
66460	4.048559
66550	4.048341
66640	4.0481227
66730	4.0479042
66820	4.0476853
66910	4.0474662
67000	4.0472468
67090	4.0470272
67180	4.0468072
67270	4.046587
67360	4.0463665
67450	4.0461458
67540	4.0459248
67630	4.0457035
67720	4.045482
67810	4.0452602
67900	4.0450382
67990	4.0448159
68080	4.0445934
68170	4.0443706
68260	4.0441476
68350	4.0439244
68440	4.0437009
68530	4.0434772
68620	4.0432533
68710	4.0430291
68800	4.0428047
68890	4.0425801
68980	4.0423553
69070	4.0421303
69160	4.041905
69250	4.0416796
69340	4.0414539
69430	4.041228
69520	4.0410019
69610	4.0407757
69700	4.0405492
69790	4.0403225
69880	4.0400956
69970	4.0398686
70060	4.0396413
70150	4.0394139
70240	4.0391863
70330	4.0389585
70420	4.0387305
70510	4.0385024
70600	4.0382741
70690	4.0380456
70780	4.0378169
70870	4.0375881
70960	4.0373591
71050	4.03713
71140	4.0369007
71230	4.0366713
71320	4.0364416
71410	4.0362119
71500	4.035982
71590	4.0357519
71680	4.0355217
71770	4.0352914
71860	4.035061
71950	4.0348303
72040	4.0345996
72130	4.0343687
72220	4.0341377
72310	4.0339066
72400	4.0336754
72490	4.033444
72580	4.0332125
72670	4.0329809
72760	4.0327492
72850	4.0325173
72940	4.0322854
73030	4.0320533
73120	4.0318211
73210	4.0315889
73300	4.0313565
73390	4.031124
73480	4.0308915
73570	4.0306588
73660	4.030426
73750	4.0301932
73840	4.0299602
73930	4.0297272
74020	4.0294941
74110	4.0292609
74200	4.0290276
74290	4.0287943
74380	4.0285608
74470	4.0283273
74560	4.0280938
74650	4.0278601
74740	4.0276264
74830	4.0273926
74920	4.0271588
75010	4.0269248
75100	4.0266909
75190	4.0264568
75280	4.0262228
75370	4.0259886
75460	4.0257544
75550	4.0255202
75640	4.0252859
75730	4.0250515
75820	4.0248171
75910	4.0245827
76000	4.0243482
76090	4.0241137
76180	4.0238792
76270	4.0236446
76360	4.0234099
76450	4.0231753
76540	4.0229406
76630	4.0227059
76720	4.0224711
76810	4.0222364
76900	4.0220016
76990	4.0217668
77080	4.0215319
77170	4.0212971
77260	4.0210622
77350	4.0208273
77440	4.0205924
77530	4.0203575
77620	4.0201226
77710	4.0198876
77800	4.0196527
77890	4.0194177
77980	4.0191828
78070	4.0189478
78160	4.0187129
78250	4.0184779
78340	4.018243
78430	4.018008
78520	4.0177731
78610	4.0175382
78700	4.0173033
78790	4.0170683
78880	4.0168334
78970	4.0165985
79060	4.0163637
79150	4.0161288
79240	4.015894
79330	4.0156591
79420	4.0154243
79510	4.0151896
79600	4.0149548
79690	4.0147201
79780	4.0144853
79870	4.0142507
79960	4.014016
80050	4.0137814
80140	4.0135468
80230	4.0133122
80320	4.0130777
80410	4.0128432
80500	4.0126088
80590	4.0123744
80680	4.01214
80770	4.0119056
80860	4.0116714
80950	4.0114371
81040	4.0112029
81130	4.0109687
81220	4.0107346
81310	4.0105005
81400	4.0102665
81490	4.0100326
81580	4.0097986
81670	4.0095648
81760	4.009331
81850	4.0090972
81940	4.0088635
82030	4.0086299
82120	4.0083963
82210	4.0081628
82300	4.0079293
82390	4.0076959
82480	4.0074625
82570	4.0072293
82660	4.006996
82750	4.0067629
82840	4.0065298
82930	4.0062968
83020	4.0060638
83110	4.005831
83200	4.0055982
83290	4.0053654
83380	4.0051328
83470	4.0049002
83560	4.0046676
83650	4.0044352
83740	4.0042028
83830	4.0039706
83920	4.0037383
84010	4.0035062
84100	4.0032742
84190	4.0030422
84280	4.0028103
84370	4.0025785
84460	4.0023468
84550	4.0021151
84640	4.0018836
84730	4.0016521
84820	4.0014207
84910	4.0011894
85000	4.0009582
85090	4.0007271
85180	4.000496
85270	4.0002651
85360	4.0000342
85450	3.9998034
85540	3.9995728
85630	3.9993422
85720	3.9991117
85810	3.9988813
85900	3.998651
85990	3.9984208
86080	3.9981907
86170	3.9979607
86260	3.9977307
86350	3.9975009
86440	3.9972712
86530	3.9970416
86620	3.996812
86710	3.9965826
86800	3.9963533
86890	3.996124
86980	3.9958949
87070	3.9956659
87160	3.995437
87250	3.9952081
87340	3.9949794
87430	3.9947508
87520	3.9945223
87610	3.9942938
87700	3.9940655
87790	3.9938373
87880	3.9936092
87970	3.9933812
88060	3.9931533
88150	3.9929255
88240	3.9926978
88330	3.9924703
88420	3.9922428
88510	3.9920154
88600	3.9917882
88690	3.991561
88780	3.991334
88870	3.991107
88960	3.9908802
89050	3.9906535
89140	3.9904268
89230	3.9902003
89320	3.9899739
89410	3.9897476
89500	3.9895214
89590	3.9892953
89680	3.9890694
89770	3.9888435
89860	3.9886177
89950	3.9883921
90040	3.9881665
90130	3.9879411
90220	3.9877157
90310	3.9874905
90400	3.9872654
90490	3.9870404
90580	3.9868155
90670	3.9865907
90760	3.986366
90850	3.9861414
90940	3.9859169
91030	3.9856926
91120	3.9854683
91210	3.9852441
91300	3.9850201
91390	3.9847961
91480	3.9845722
91570	3.9843485
91660	3.9841249
91750	3.9839013
91840	3.9836779
91930	3.9834545
92020	3.9832313
92110	3.9830081
92200	3.9827851
92290	3.9825622
92380	3.9823393
92470	3.9821166
92560	3.981894
92650	3.9816714
92740	3.981449
92830	3.9812266
92920	3.9810044
93010	3.9807822
93100	3.9805602
93190	3.9803382
93280	3.9801163
93370	3.9798945
93460	3.9796728
93550	3.9794512
93640	3.9792297
93730	3.9790083
93820	3.978787
93910	3.9785657
94000	3.9783445
94090	3.9781234
94180	3.9779025
94270	3.9776815
94360	3.9774607
94450	3.9772399
94540	3.9770193
94630	3.9767987
94720	3.9765781
94810	3.9763577
94900	3.9761373
94990	3.975917
95080	3.9756968
95170	3.9754766
95260	3.9752565
95350	3.9750365
95440	3.9748166
95530	3.9745967
95620	3.9743768
95710	3.9741571
95800	3.9739374
95890	3.9737177
95980	3.9734981
96070	3.9732786
96160	3.9730591
96250	3.9728397
96340	3.9726203
96430	3.972401
96520	3.9721817
96610	3.9719625
96700	3.9717433
96790	3.9715241
96880	3.971305
96970	3.9710859
97060	3.9708668
97150	3.9706478
97240	3.9704288
97330	3.9702099
97420	3.9699909
97510	3.969772
97600	3.9695531
97690	3.9693343
97780	3.9691154
97870	3.9688966
97960	3.9686777
98050	3.9684589
98140	3.9682401
98230	3.9680213
98320	3.9678025
98410	3.9675836
98500	3.9673648
98590	3.967146
98680	3.9669272
98770	3.9667083
98860	3.9664895
98950	3.9662706
99040	3.9660517
99130	3.9658328
99220	3.9656138
99310	3.9653949
99400	3.9651758
99490	3.9649568
99580	3.9647377
99670	3.9645186
99760	3.9642994
99850	3.9640802
99940	3.9638609
100030	3.9636415
100120	3.9634221
100210	3.9632027
100300	3.9629831
100390	3.9627635
100480	3.9625439
100570	3.9623241
100660	3.9621043
100750	3.9618844
100840	3.9616644
100930	3.9614443
101020	3.9612241
101110	3.9610038
101200	3.9607834
101290	3.9605629
101380	3.9603423
101470	3.9601215
101560	3.9599007
101650	3.9596797
101740	3.9594586
101830	3.9592374
101920	3.959016
102010	3.9587945
102100	3.9585728
102190	3.958351
102280	3.9581291
102370	3.9579069
102460	3.9576847
102550	3.9574622
102640	3.9572396
102730	3.9570168
102820	3.9567939
102910	3.9565707
103000	3.9563474
103090	3.9561239
103180	3.9559001
103270	3.9556762
103360	3.9554521
103450	3.9552278
103540	3.9550032
103630	3.9547785
103720	3.9545535
103810	3.9543282
103900	3.9541028
103990	3.9538771
104080	3.9536512
104170	3.953425
104260	3.9531986
104350	3.952972
104440	3.952745
104530	3.9525179
104620	3.9522904
104710	3.9520627
104800	3.9518347
104890	3.9516064
104980	3.9513779
105070	3.951149
105160	3.9509199
105250	3.9506905
105340	3.9504607
105430	3.9502307
105520	3.9500004
105610	3.9497697
105700	3.9495387
105790	3.9493074
105880	3.9490758
105970	3.9488438
106060	3.9486116
106150	3.9483789
106240	3.948146
106330	3.9479126
106420	3.947679
106510	3.9474449
106600	3.9472105
106690	3.9469758
106780	3.9467407
106870	3.9465052
106960	3.9462693
107050	3.9460331
107140	3.9457964
107230	3.9455594
107320	3.945322
107410	3.9450842
107500	3.944846
107590	3.9446074
107680	3.9443684
107770	3.944129
107860	3.9438891
107950	3.9436489
108040	3.9434082
108130	3.9431671
108220	3.9429255
108310	3.9426836
108400	3.9424411
108490	3.9421983
108580	3.941955
108670	3.9417112
108760	3.941467
108850	3.9412224
108940	3.9409773
109030	3.9407317
109120	3.9404856
109210	3.9402391
109300	3.9399921
109390	3.9397447
109480	3.9394967
109570	3.9392483
109660	3.9389993
109750	3.9387499
109840	3.9385
109930	3.9382496
110020	3.9379987
110110	3.9377473
110200	3.9374954
110290	3.937243
110380	3.9369901
110470	3.9367366
110560	3.9364827
110650	3.9362282
110740	3.9359732
110830	3.9357177
110920	3.9354616
111010	3.9352051
111100	3.9349479
111190	3.9346903
111280	3.9344321
111370	3.9341734
111460	3.9339141
111550	3.9336543
111640	3.933394
111730	3.933133
111820	3.9328716
111910	3.9326096
112000	3.932347
112090	3.9320839
112180	3.9318203
112270	3.9315561
112360	3.9312913
112450	3.931026
112540	3.9307601
112630	3.9304936
112720	3.9302266
112810	3.929959
112900	3.9296909
112990	3.9294222
113080	3.9291529
113170	3.9288831
113260	3.9286127
113350	3.9283417
113440	3.9280702
113530	3.9277981
113620	3.9275254
113710	3.9272522
113800	3.9269784
113890	3.9267041
113980	3.9264291
114070	3.9261537
114160	3.9258776
114250	3.925601
114340	3.9253239
114430	3.9250462
114520	3.9247679
114610	3.9244891
114700	3.9242097
114790	3.9239298
114880	3.9236493
114970	3.9233683
115060	3.9230868
115150	3.9228047
115240	3.922522
115330	3.9222388
115420	3.9219551
115510	3.9216709
115600	3.9213861
115690	3.9211008
115780	3.920815
115870	3.9205287
115960	3.9202419
116050	3.9199545
116140	3.9196666
116230	3.9193783
116320	3.9190894
116410	3.9188001
116500	3.9185102
116590	3.9182199
116680	3.9179292
116770	3.9176379
116860	3.9173462
116950	3.917054
117040	3.9167613
117130	3.9164682
117220	3.9161747
117310	3.9158807
117400	3.9155863
117490	3.9152914
117580	3.9149961
117670	3.9147005
117760	3.9144044
117850	3.9141079
117940	3.913811
118030	3.9135138
118120	3.9132161
118210	3.9129181
118300	3.9126197
118390	3.912321
118480	3.9120219
118570	3.9117225
118660	3.9114227
118750	3.9111226
118840	3.9108222
118930	3.9105215
119020	3.9102205
119110	3.9099192
119200	3.9096176
119290	3.9093158
119380	3.9090137
119470	3.9087113
119560	3.9084087
119650	3.9081058
119740	3.9078028
119830	3.9074995
119920	3.907196
120010	3.9068923
120100	3.9065884
120190	3.9062843
120280	3.9059801
120370	3.9056757
120460	3.9053711
120550	3.9050664
120640	3.9047616
120730	3.9044567
120820	3.9041516
120910	3.9038465
121000	3.9035413
121090	3.903236
121180	3.9029306
121270	3.9026252
121360	3.9023197
121450	3.9020142
121540	3.9017086
121630	3.9014031
121720	3.9010976
121810	3.900792
121900	3.9004865
121990	3.900181
122080	3.8998755
122170	3.8995701
122260	3.8992648
122350	3.8989595
122440	3.8986544
122530	3.8983493
122620	3.8980443
122710	3.8977394
122800	3.8974347
122890	3.8971301
122980	3.8968256
123070	3.8965213
123160	3.8962172
123250	3.8959132
123340	3.8956095
123430	3.8953059
123520	3.8950026
123610	3.8946994
123700	3.8943965
123790	3.8940939
123880	3.8937914
123970	3.8934893
124060	3.8931874
124150	3.8928858
124240	3.8925845
124330	3.8922835
124420	3.8919828
124510	3.8916824
124600	3.8913824
124690	3.8910826
124780	3.8907833
124870	3.8904843
124960	3.8901856
125050	3.8898873
125140	3.8895895
125230	3.889292
125320	3.8889949
125410	3.8886982
125500	3.8884019
125590	3.8881061
125680	3.8878106
125770	3.8875157
125860	3.8872212
125950	3.8869271
126040	3.8866335
126130	3.8863404
126220	3.8860477
126310	3.8857555
126400	3.8854639
126490	3.8851727
126580	3.884882
126670	3.8845919
126760	3.8843022
126850	3.8840131
126940	3.8837246
127030	3.8834365
127120	3.883149
127210	3.8828621
127300	3.8825757
127390	3.8822899
127480	3.8820046
127570	3.8817199
127660	3.8814358
127750	3.8811523
127840	3.8808693
127930	3.880587
128020	3.8803052
128110	3.880024
128200	3.8797435
128290	3.8794635
128380	3.8791842
128470	3.8789055
128560	3.8786273
128650	3.8783498
128740	3.878073
128830	3.8777967
128920	3.8775211
129010	3.8772461
129100	3.8769718
129190	3.876698
129280	3.876425
129370	3.8761525
129460	3.8758807
129550	3.8756096
129640	3.8753391
129730	3.8750692
129820	3.8748
129910	3.8745315
130000	3.8742636
130090	3.8739963
130180	3.8737297
130270	3.8734638
130360	3.8731985
130450	3.8729338
130540	3.8726698
130630	3.8724065
130720	3.8721438
130810	3.8718818
130900	3.8716205
130990	3.8713598
131080	3.8710997
131170	3.8708403
131260	3.8705816
131350	3.8703235
131440	3.870066
131530	3.8698092
131620	3.8695531
131710	3.8692976
131800	3.8690427
131890	3.8687885
131980	3.8685349
132070	3.868282
132160	3.8680297
132250	3.8677781
132340	3.8675271
132430	3.8672767
132520	3.8670269
132610	3.8667778
132700	3.8665293
132790	3.8662815
132880	3.8660342
132970	3.8657876
133060	3.8655416
133150	3.8652962
133240	3.8650514
133330	3.8648072
133420	3.8645637
133510	3.8643207
133600	3.8640783
133690	3.8638365
133780	3.8635954
133870	3.8633548
133960	3.8631148
134050	3.8628753
134140	3.8626365
134230	3.8623982
134320	3.8621605
134410	3.8619234
134500	3.8616869
134590	3.8614508
134680	3.8612154
134770	3.8609805
134860	3.8607462
134950	3.8605124
135040	3.8602791
135130	3.8600464
135220	3.8598142
135310	3.8595825
135400	3.8593514
135490	3.8591208
135580	3.8588907
135670	3.8586611
135760	3.8584321
135850	3.8582035
135940	3.8579754
136030	3.8577478
136120	3.8575208
136210	3.8572942
136300	3.8570681
136390	3.8568424
136480	3.8566173
136570	3.8563926
136660	3.8561683
136750	3.8559446
136840	3.8557212
136930	3.8554984
137020	3.855276
137110	3.855054
137200	3.8548324
137290	3.8546113
137380	3.8543907
137470	3.8541704
137560	3.8539506
137650	3.8537312
137740	3.8535122
137830	3.8532936
137920	3.8530753
138010	3.8528575
138100	3.8526401
138190	3.8524231
138280	3.8522065
138370	3.8519902
138460	3.8517743
138550	3.8515588
138640	3.8513436
138730	3.8511288
138820	3.8509144
138910	3.8507003
139000	3.8504865
139090	3.8502731
139180	3.85006
139270	3.8498473
139360	3.8496349
139450	3.8494228
139540	3.849211
139630	3.8489996
139720	3.8487884
139810	3.8485776
139900	3.8483671
139990	3.8481568
140080	3.8479469
140170	3.8477372
140260	3.8475278
140350	3.8473187
140440	3.8471099
140530	3.8469014
140620	3.8466931
140710	3.8464851
140800	3.8462773
140890	3.8460698
140980	3.8458625
141070	3.8456555
141160	3.8454488
141250	3.8452422
141340	3.8450359
141430	3.8448298
141520	3.844624
141610	3.8444184
141700	3.844213
141790	3.8440078
141880	3.8438028
141970	3.843598
142060	3.8433934
142150	3.843189
142240	3.8429848
142330	3.8427808
142420	3.842577
142510	3.8423734
142600	3.8421699
142690	3.8419666
142780	3.8417635
142870	3.8415606
142960	3.8413578
143050	3.8411551
143140	3.8409527
143230	3.8407503
143320	3.8405482
143410	3.8403461
143500	3.8401442
143590	3.8399425
143680	3.8397409
143770	3.8395394
143860	3.839338
143950	3.8391368
144040	3.8389357
144130	3.8387346
144220	3.8385338
144310	3.838333
144400	3.8381323
144490	3.8379317
144580	3.8377312
144670	3.8375309
144760	3.8373306
144850	3.8371304
144940	3.8369303
145030	3.8367303
145120	3.8365303
145210	3.8363305
145300	3.8361307
145390	3.8359309
145480	3.8357313
145570	3.8355317
145660	3.8353322
145750	3.8351327
145840	3.8349333
145930	3.8347339
146020	3.8345346
146110	3.8343354
146200	3.8341362
146290	3.833937
146380	3.8337378
146470	3.8335387
146560	3.8333397
146650	3.8331406
146740	3.8329416
146830	3.8327427
146920	3.8325437
147010	3.8323448
147100	3.8321458
147190	3.8319469
147280	3.831748
147370	3.8315491
147460	3.8313503
147550	3.8311514
147640	3.8309525
147730	3.8307537
147820	3.8305548
147910	3.8303559
148000	3.830157
148090	3.8299581
148180	3.8297592
148270	3.8295603
148360	3.8293613
148450	3.8291624
148540	3.8289634
148630	3.8287644
148720	3.8285654
148810	3.8283663
148900	3.8281672
148990	3.8279681
149080	3.8277689
149170	3.8275697
149260	3.8273705
149350	3.8271712
149440	3.8269719
149530	3.8267726
149620	3.8265731
149710	3.8263737
149800	3.8261742
149890	3.8259746
149980	3.825775
150070	3.8255753
150160	3.8253756
150250	3.8251758
150340	3.824976
150430	3.824776
150520	3.8245761
150610	3.824376
150700	3.8241759
150790	3.8239757
150880	3.8237754
150970	3.8235751
151060	3.8233747
151150	3.8231742
151240	3.8229736
151330	3.822773
151420	3.8225722
151510	3.8223714
151600	3.8221705
151690	3.8219695
151780	3.8217684
151870	3.8215672
151960	3.8213659
152050	3.8211646
152140	3.8209631
152230	3.8207616
152320	3.8205599
152410	3.8203581
152500	3.8201563
152590	3.8199543
152680	3.8197523
152770	3.8195501
152860	3.8193478
152950	3.8191454
153040	3.8189429
153130	3.8187403
153220	3.8185376
153310	3.8183348
153400	3.8181318
153490	3.8179288
153580	3.8177256
153670	3.8175223
153760	3.8173189
153850	3.8171154
153940	3.8169117
154030	3.8167079
154120	3.816504
154210	3.8163
154300	3.8160959
154390	3.8158916
154480	3.8156872
154570	3.8154826
154660	3.815278
154750	3.8150732
154840	3.8148683
154930	3.8146632
155020	3.814458
155110	3.8142527
155200	3.8140472
155290	3.8138416
155380	3.8136358
155470	3.81343
155560	3.8132239
155650	3.8130178
155740	3.8128115
155830	3.812605
155920	3.8123985
156010	3.8121917
156100	3.8119849
156190	3.8117778
156280	3.8115707
156370	3.8113634
156460	3.8111559
156550	3.8109483
156640	3.8107405
156730	3.8105326
156820	3.8103246
156910	3.8101164
157000	3.809908
157090	3.8096995
157180	3.8094908
157270	3.809282
157360	3.8090731
157450	3.8088639
157540	3.8086547
157630	3.8084453
157720	3.8082357
157810	3.8080259
157900	3.807816
157990	3.807606
158080	3.8073957
158170	3.8071854
158260	3.8069748
158350	3.8067641
158440	3.8065533
158530	3.8063423
158620	3.8061311
158710	3.8059198
158800	3.8057083
158890	3.8054966
158980	3.8052848
159070	3.8050728
159160	3.8048607
159250	3.8046484
159340	3.8044359
159430	3.8042233
159520	3.8040105
159610	3.8037975
159700	3.8035844
159790	3.8033711
159880	3.8031577
159970	3.8029441
160060	3.8027303
160150	3.8025163
160240	3.8023022
160330	3.802088
160420	3.8018735
160510	3.8016589
160600	3.8014442
160690	3.8012292
160780	3.8010141
160870	3.8007989
160960	3.8005834
161050	3.8003678
161140	3.8001521
161230	3.7999361
161320	3.79972
161410	3.7995038
161500	3.7992874
161590	3.7990708
161680	3.798854
161770	3.7986371
161860	3.79842
161950	3.7982027
162040	3.7979853
162130	3.7977677
162220	3.79755
162310	3.7973321
162400	3.797114
162490	3.7968958
162580	3.7966773
162670	3.7964588
162760	3.79624
162850	3.7960211
162940	3.7958021
163030	3.7955829
163120	3.7953635
163210	3.7951439
163300	3.7949242
163390	3.7947043
163480	3.7944843
163570	3.7942641
163660	3.7940437
163750	3.7938232
163840	3.7936025
163930	3.7933817
164020	3.7931607
164110	3.7929395
164200	3.7927182
164290	3.7924967
164380	3.7922751
164470	3.7920533
164560	3.7918313
164650	3.7916092
164740	3.7913869
164830	3.7911645
164920	3.7909419
165010	3.7907192
165100	3.7904963
165190	3.7902733
165280	3.7900501
165370	3.7898267
165460	3.7896032
165550	3.7893796
165640	3.7891557
165730	3.7889318
165820	3.7887077
165910	3.7884834
166000	3.788259
166090	3.7880344
166180	3.7878098
166270	3.7875849
166360	3.7873599
166450	3.7871348
166540	3.7869095
166630	3.786684
166720	3.7864585
166810	3.7862327
166900	3.7860069
166990	3.7857809
167080	3.7855547
167170	3.7853284
167260	3.785102
167350	3.7848754
167440	3.7846488
167530	3.7844219
167620	3.7841949
167710	3.7839678
167800	3.7837406
167890	3.7835132
167980	3.7832857
168070	3.783058
168160	3.7828303
168250	3.7826023
168340	3.7823743
168430	3.7821462
168520	3.7819179
168610	3.7816894
168700	3.7814609
168790	3.7812322
168880	3.7810034
168970	3.7807745
169060	3.7805455
169150	3.7803163
169240	3.780087
169330	3.7798576
169420	3.7796281
169510	3.7793984
169600	3.7791687
169690	3.7789388
169780	3.7787088
169870	3.7784787
169960	3.7782485
170050	3.7780182
170140	3.7777877
170230	3.7775572
170320	3.7773266
170410	3.7770958
170500	3.7768649
170590	3.776634
170680	3.7764029
170770	3.7761717
170860	3.7759404
170950	3.775709
171040	3.7754776
171130	3.775246
171220	3.7750143
171310	3.7747825
171400	3.7745507
171490	3.7743187
171580	3.7740866
171670	3.7738545
171760	3.7736223
171850	3.7733899
171940	3.7731575
172030	3.772925
172120	3.7726924
172210	3.7724598
172300	3.772227
172390	3.7719942
172480	3.7717613
172570	3.7715283
172660	3.7712952
172750	3.771062
172840	3.7708288
172930	3.7705955
173020	3.7703621
173110	3.7701287
173200	3.7698952
173290	3.7696616
173380	3.7694279
173470	3.7691942
173560	3.7689604
173650	3.7687266
173740	3.7684926
173830	3.7682587
173920	3.7680246
174010	3.7677905
174100	3.7675564
174190	3.7673222
174280	3.7670879
174370	3.7668536
174460	3.7666192
174550	3.7663848
174640	3.7661503
174730	3.7659158
174820	3.7656813
174910	3.7654466
175000	3.765212
175090	3.7649773
175180	3.7647425
175270	3.7645078
175360	3.764273
175450	3.7640381
175540	3.7638032
175630	3.7635683
175720	3.7633333
175810	3.7630983
175900	3.7628633
175990	3.7626283
176080	3.7623932
176170	3.7621581
176260	3.761923
176350	3.7616878
176440	3.7614526
176530	3.7612174
176620	3.7609822
176710	3.760747
176800	3.7605118
176890	3.7602765
176980	3.7600412
177070	3.7598059
177160	3.7595706
177250	3.7593353
177340	3.7591
177430	3.7588647
177520	3.7586294
177610	3.7583941
177700	3.7581587
177790	3.7579234
177880	3.7576881
177970	3.7574528
178060	3.7572174
178150	3.7569821
178240	3.7567468
178330	3.7565115
178420	3.7562762
178510	3.756041
178600	3.7558057
178690	3.7555704
178780	3.7553352
178870	3.7551
178960	3.7548648
179050	3.7546296
179140	3.7543944
179230	3.7541593
179320	3.7539242
179410	3.7536891
179500	3.7534541
179590	3.753219
179680	3.752984
179770	3.7527491
179860	3.7525141
179950	3.7522792
180040	3.7520444
180130	3.7518095
180220	3.7515747
180310	3.75134
180400	3.7511053
180490	3.7508706
180580	3.750636
180670	3.7504014
180760	3.7501669
180850	3.7499324
180940	3.749698
181030	3.7494636
181120	3.7492293
181210	3.748995
181300	3.7487608
181390	3.7485266
181480	3.7482925
181570	3.7480585
181660	3.7478245
181750	3.7475906
181840	3.7473568
181930	3.747123
182020	3.7468892
182110	3.7466556
182200	3.746422
182290	3.7461885
182380	3.7459551
182470	3.7457217
182560	3.7454884
182650	3.7452552
182740	3.7450221
182830	3.744789
182920	3.744556
183010	3.7443231
183100	3.7440903
183190	3.7438576
183280	3.7436249
183370	3.7433924
183460	3.7431599
183550	3.7429275
183640	3.7426952
183730	3.742463
183820	3.7422309
183910	3.7419989
184000	3.741767
184090	3.7415352
184180	3.7413035
184270	3.7410719
184360	3.7408404
184450	3.7406089
184540	3.7403776
184630	3.7401464
184720	3.7399153
184810	3.7396843
184900	3.7394534
184990	3.7392227
185080	3.738992
185170	3.7387615
185260	3.738531
185350	3.7383007
185440	3.7380705
185530	3.7378404
185620	3.7376104
185710	3.7373806
185800	3.7371508
185890	3.7369212
185980	3.7366917
186070	3.7364624
186160	3.7362331
186250	3.736004
186340	3.735775
186430	3.7355462
186520	3.7353174
186610	3.7350888
186700	3.7348604
186790	3.734632
186880	3.7344038
186970	3.7341758
187060	3.7339478
187150	3.73372
187240	3.7334924
187330	3.7332648
187420	3.7330375
187510	3.7328102
187600	3.7325831
187690	3.7323562
187780	3.7321294
187870	3.7319027
187960	3.7316762
188050	3.7314498
188140	3.7312236
188230	3.7309975
188320	3.7307716
188410	3.7305458
188500	3.7303202
188590	3.7300947
188680	3.7298694
188770	3.7296443
188860	3.7294193
188950	3.7291944
189040	3.7289697
189130	3.7287452
189220	3.7285208
189310	3.7282966
189400	3.7280725
189490	3.7278486
189580	3.7276249
189670	3.7274013
189760	3.7271779
189850	3.7269547
189940	3.7267316
190030	3.7265087
190120	3.726286
190210	3.7260634
190300	3.725841
190390	3.7256188
190480	3.7253967
190570	3.7251748
190660	3.7249531
190750	3.7247315
190840	3.7245101
190930	3.7242889
191020	3.7240679
191110	3.7238471
191200	3.7236264
191290	3.7234059
191380	3.7231855
191470	3.7229654
191560	3.7227454
191650	3.7225256
191740	3.722306
191830	3.7220866
191920	3.7218673
192010	3.7216483
192100	3.7214294
192190	3.7212107
192280	3.7209922
192370	3.7207738
192460	3.7205557
192550	3.7203377
192640	3.7201199
192730	3.7199023
192820	3.7196849
192910	3.7194677
193000	3.7192507
193090	3.7190338
193180	3.7188171
193270	3.7186007
193360	3.7183844
193450	3.7181683
193540	3.7179524
193630	3.7177367
193720	3.7175211
193810	3.7173058
193900	3.7170907
193990	3.7168757
194080	3.716661
194170	3.7164464
194260	3.716232
194350	3.7160178
194440	3.7158039
194530	3.7155901
194620	3.7153765
194710	3.7151631
194800	3.7149499
194890	3.7147369
194980	3.7145241
195070	3.7143114
195160	3.714099
195250	3.7138868
195340	3.7136748
195430	3.7134629
195520	3.7132513
195610	3.7130399
195700	3.7128286
195790	3.7126176
195880	3.7124067
195970	3.7121961
196060	3.7119857
196150	3.7117754
196240	3.7115653
196330	3.7113555
196420	3.7111459
196510	3.7109364
196600	3.7107271
196690	3.7105181
196780	3.7103092
196870	3.7101006
196960	3.7098921
197050	3.7096839
197140	3.7094758
197230	3.7092679
197320	3.7090603
197410	3.7088528
197500	3.7086456
197590	3.7084385
197680	3.7082316
197770	3.708025
197860	3.7078185
197950	3.7076123
198040	3.7074062
198130	3.7072003
198220	3.7069947
198310	3.7067892
198400	3.706584
198490	3.7063789
198580	3.706174
198670	3.7059694
198760	3.7057649
198850	3.7055606
198940	3.7053566
199030	3.7051527
199120	3.704949
199210	3.7047456
199300	3.7045423
199390	3.7043392
199480	3.7041363
199570	3.7039337
199660	3.7037312
199750	3.7035289
199840	3.7033268
199930	3.7031249
200020	3.7029232
200110	3.7027217
200200	3.7025204
200290	3.7023193
200380	3.7021184
200470	3.7019177
200560	3.7017172
200650	3.7015169
200740	3.7013167
200830	3.7011168
200920	3.7009171
201010	3.7007175
201100	3.7005182
201190	3.700319
201280	3.7001201
201370	3.6999213
201460	3.6997227
201550	3.6995243
201640	3.6993261
201730	3.6991281
201820	3.6989303
201910	3.6987327
202000	3.6985353
202090	3.698338
202180	3.698141
202270	3.6979441
202360	3.6977474
202450	3.6975509
202540	3.6973546
202630	3.6971585
202720	3.6969626
202810	3.6967669
202900	3.6965713
202990	3.6963759
203080	3.6961807
203170	3.6959857
203260	3.6957909
203350	3.6955963
203440	3.6954018
203530	3.6952076
203620	3.6950135
203710	3.6948196
203800	3.6946258
203890	3.6944323
203980	3.6942389
204070	3.6940457
204160	3.6938527
204250	3.6936599
204340	3.6934673
204430	3.6932748
204520	3.6930825
204610	3.6928903
204700	3.6926984
204790	3.6925066
204880	3.692315
204970	3.6921236
205060	3.6919323
205150	3.6917412
205240	3.6915503
205330	3.6913596
205420	3.691169
205510	3.6909786
205600	3.6907883
205690	3.6905983
205780	3.6904083
205870	3.6902186
205960	3.690029
206050	3.6898396
206140	3.6896504
206230	3.6894613
206320	3.6892724
206410	3.6890836
206500	3.688895
206590	3.6887066
206680	3.6885183
206770	3.6883302
206860	3.6881422
206950	3.6879544
207040	3.6877668
207130	3.6875793
207220	3.687392
207310	3.6872048
207400	3.6870178
207490	3.6868309
207580	3.6866442
207670	3.6864576
207760	3.6862712
207850	3.6860849
207940	3.6858988
208030	3.6857128
208120	3.685527
208210	3.6853413
208300	3.6851557
208390	3.6849703
208480	3.6847851
208570	3.6846
208660	3.684415
208750	3.6842302
208840	3.6840455
208930	3.6838609
209020	3.6836765
209110	3.6834923
209200	3.6833081
209290	3.6831241
209380	3.6829402
209470	3.6827565
209560	3.6825729
209650	3.6823894
209740	3.6822061
209830	3.6820229
209920	3.6818398
210010	3.6816569
210100	3.681474
210190	3.6812913
210280	3.6811087
210370	3.6809263
210460	3.680744
210550	3.6805617
210640	3.6803797
210730	3.6801977
210820	3.6800158
210910	3.6798341
211000	3.6796525
211090	3.679471
211180	3.6792896
211270	3.6791083
211360	3.6789272
211450	3.6787461
211540	3.6785652
211630	3.6783844
211720	3.6782037
211810	3.6780231
211900	3.6778426
211990	3.6776622
212080	3.6774819
212170	3.6773017
212260	3.6771216
212350	3.6769416
212440	3.6767617
212530	3.6765819
212620	3.6764023
212710	3.6762227
212800	3.6760432
212890	3.6758638
212980	3.6756845
213070	3.6755052
213160	3.6753261
213250	3.6751471
213340	3.6749681
213430	3.6747893
213520	3.6746105
213610	3.6744318
213700	3.6742532
213790	3.6740747
213880	3.6738963
213970	3.6737179
214060	3.6735397
214150	3.6733615
214240	3.6731834
214330	3.6730053
214420	3.6728274
214510	3.6726495
214600	3.6724717
214690	3.6722939
214780	3.6721163
214870	3.6719387
214960	3.6717611
215050	3.6715837
215140	3.6714063
215230	3.6712289
215320	3.6710517
215410	3.6708745
215500	3.6706973
215590	3.6705202
215680	3.6703432
215770	3.6701663
215860	3.6699893
215950	3.6698125
216040	3.6696357
216130	3.6694589
216220	3.6692822
216310	3.6691056
216400	3.668929
216490	3.6687524
216580	3.6685759
216670	3.6683995
216760	3.6682231
216850	3.6680467
216940	3.6678704
217030	3.6676941
217120	3.6675179
217210	3.6673416
217300	3.6671655
217390	3.6669893
217480	3.6668132
217570	3.6666372
217660	3.6664611
217750	3.6662851
217840	3.6661092
217930	3.6659332
218020	3.6657573
218110	3.6655814
218200	3.6654055
218290	3.6652297
218380	3.6650538
218470	3.664878
218560	3.6647022
218650	3.6645265
218740	3.6643507
218830	3.664175
218920	3.6639993
219010	3.6638235
219100	3.6636478
219190	3.6634722
219280	3.6632965
219370	3.6631208
219460	3.6629451
219550	3.6627695
219640	3.6625938
219730	3.6624182
219820	3.6622425
219910	3.6620668
220000	3.6618912
220090	3.6617155
220180	3.6615399
220270	3.6613642
220360	3.6611885
220450	3.6610128
220540	3.6608371
220630	3.6606614
220720	3.6604857
220810	3.66031
220900	3.6601342
220990	3.6599584
221080	3.6597827
221170	3.6596069
221260	3.659431
221350	3.6592552
221440	3.6590793
221530	3.6589034
221620	3.6587275
221710	3.6585516
221800	3.6583756
221890	3.6581996
221980	3.6580236
222070	3.6578475
222160	3.6576714
222250	3.6574952
222340	3.6573191
222430	3.6571429
222520	3.6569666
222610	3.6567903
222700	3.656614
222790	3.6564376
222880	3.6562612
222970	3.6560847
223060	3.6559082
223150	3.6557316
223240	3.655555
223330	3.6553783
223420	3.6552016
223510	3.6550248
223600	3.654848
223690	3.6546711
223780	3.6544941
223870	3.6543171
223960	3.6541401
224050	3.6539629
224140	3.6537857
224230	3.6536085
224320	3.6534311
224410	3.6532537
224500	3.6530763
224590	3.6528987
224680	3.6527211
224770	3.6525434
224860	3.6523656
224950	3.6521878
225040	3.6520099
225130	3.6518319
225220	3.6516538
225310	3.6514756
225400	3.6512974
225490	3.651119
225580	3.6509406
225670	3.6507621
225760	3.6505835
225850	3.6504048
225940	3.650226
226030	3.6500472
226120	3.6498682
226210	3.6496891
226300	3.64951
226390	3.6493307
226480	3.6491513
226570	3.6489719
226660	3.6487923
226750	3.6486126
226840	3.6484328
226930	3.6482529
227020	3.6480729
227110	3.6478928
227200	3.6477126
227290	3.6475323
227380	3.6473518
227470	3.6471713
227560	3.6469906
227650	3.6468098
227740	3.6466288
227830	3.6464478
227920	3.6462666
228010	3.6460853
228100	3.6459039
228190	3.6457223
228280	3.6455407
228370	3.6453589
228460	3.6451769
228550	3.6449948
228640	3.6448126
228730	3.6446303
228820	3.6444478
228910	3.6442652
229000	3.6440824
229090	3.6438995
229180	3.6437165
229270	3.6435333
229360	3.6433499
229450	3.6431664
229540	3.6429828
229630	3.642799
229720	3.6426151
229810	3.642431
229900	3.6422468
229990	3.6420624
230080	3.6418778
230170	3.6416931
230260	3.6415082
230350	3.6413232
230440	3.641138
230530	3.6409526
230620	3.6407671
230710	3.6405814
230800	3.6403955
230890	3.6402095
230980	3.6400233
231070	3.6398369
231160	3.6396504
231250	3.6394637
231340	3.6392768
231430	3.6390897
231520	3.6389024
231610	3.638715
231700	3.6385274
231790	3.6383396
231880	3.6381516
231970	3.6379634
232060	3.6377751
232150	3.6375865
232240	3.6373978
232330	3.6372089
232420	3.6370197
232510	3.6368304
232600	3.6366409
232690	3.6364512
232780	3.6362613
232870	3.6360712
232960	3.6358809
233050	3.6356904
233140	3.6354997
233230	3.6353088
233320	3.6351177
233410	3.6349263
233500	3.6347348
233590	3.6345431
233680	3.6343511
233770	3.634159
233860	3.6339666
233950	3.633774
234040	3.6335812
234130	3.6333881
234220	3.6331949
234310	3.6330014
234400	3.6328078
234490	3.6326138
234580	3.6324197
234670	3.6322254
234760	3.6320308
234850	3.631836
234940	3.6316409
235030	3.6314457
235120	3.6312502
235210	3.6310545
235300	3.6308585
235390	3.6306623
235480	3.6304659
235570	3.6302692
235660	3.6300723
235750	3.6298752
235840	3.6296778
235930	3.6294801
236020	3.6292823
236110	3.6290842
236200	3.6288858
236290	3.6286872
236380	3.6284884
236470	3.6282893
236560	3.6280899
236650	3.6278903
236740	3.6276905
236830	3.6274904
236920	3.62729
237010	3.6270894
237100	3.6268886
237190	3.6266874
237280	3.6264861
237370	3.6262844
237460	3.6260825
237550	3.6258804
237640	3.625678
237730	3.6254753
237820	3.6252723
237910	3.6250691
238000	3.6248656
238090	3.6246619
238180	3.6244579
238270	3.6242536
238360	3.624049
238450	3.6238442
238540	3.6236391
238630	3.6234338
238720	3.6232281
238810	3.6230222
238900	3.622816
238990	3.6226096
239080	3.6224028
239170	3.6221958
239260	3.6219885
239350	3.6217809
239440	3.6215731
239530	3.6213649
239620	3.6211565
239710	3.6209478
239800	3.6207388
239890	3.6205296
239980	3.62032
240070	3.6201102
240160	3.6199
240250	3.6196896
240340	3.6194789
240430	3.6192679
240520	3.6190566
240610	3.6188451
240700	3.6186332
240790	3.618421
240880	3.6182086
240970	3.6179958
241060	3.6177828
241150	3.6175695
241240	3.6173559
241330	3.6171419
241420	3.6169277
241510	3.6167132
241600	3.6164984
241690	3.6162833
241780	3.6160679
241870	3.6158522
241960	3.6156362
242050	3.6154199
242140	3.6152033
242230	3.6149864
242320	3.6147692
242410	3.6145517
242500	3.6143339
242590	3.6141158
242680	3.6138973
242770	3.6136786
242860	3.6134596
242950	3.6132403
243040	3.6130207
243130	3.6128007
243220	3.6125805
243310	3.61236
243400	3.6121391
243490	3.611918
243580	3.6116965
243670	3.6114747
243760	3.6112527
243850	3.6110303
243940	3.6108076
244030	3.6105846
244120	3.6103613
244210	3.6101377
244300	3.6099138
244390	3.6096896
244480	3.6094651
244570	3.6092403
244660	3.6090151
244750	3.6087897
244840	3.6085639
244930	3.6083379
245020	3.6081115
245110	3.6078848
245200	3.6076578
245290	3.6074305
245380	3.607203
245470	3.606975
245560	3.6067468
245650	3.6065183
245740	3.6062895
245830	3.6060604
245920	3.6058309
246010	3.6056012
246100	3.6053711
246190	3.6051408
246280	3.6049101
246370	3.6046791
246460	3.6044479
246550	3.6042163
246640	3.6039844
246730	3.6037522
246820	3.6035197
246910	3.603287
247000	3.6030539
247090	3.6028205
247180	3.6025868
247270	3.6023528
247360	3.6021185
247450	3.6018839
247540	3.601649
247630	3.6014138
247720	3.6011783
247810	3.6009425
247900	3.6007064
247990	3.60047
248080	3.6002333
248170	3.5999963
248260	3.5997591
248350	3.5995215
248440	3.5992836
248530	3.5990455
248620	3.598807
248710	3.5985683
248800	3.5983292
248890	3.5980899
248980	3.5978503
249070	3.5976104
249160	3.5973702
249250	3.5971298
249340	3.596889
249430	3.596648
249520	3.5964066
249610	3.596165
249700	3.5959231
249790	3.595681
249880	3.5954385
249970	3.5951958
250060	3.5949528
250150	3.5947095
250240	3.594466
250330	3.5942221
250420	3.593978
250510	3.5937337
250600	3.593489
250690	3.5932441
250780	3.5929989
250870	3.5927535
250960	3.5925077
251050	3.5922618
251140	3.5920155
251230	3.591769
251320	3.5915223
251410	3.5912752
251500	3.591028
251590	3.5907804
251680	3.5905326
251770	3.5902846
251860	3.5900363
251950	3.5897877
252040	3.589539
252130	3.5892899
252220	3.5890406
252310	3.5887911
252400	3.5885413
252490	3.5882913
252580	3.588041
252670	3.5877905
252760	3.5875398
252850	3.5872888
252940	3.5870376
253030	3.5867862
253120	3.5865346
253210	3.5862827
253300	3.5860306
253390	3.5857782
253480	3.5855257
253570	3.5852729
253660	3.5850199
253750	3.5847667
253840	3.5845133
253930	3.5842596
254020	3.5840058
254110	3.5837517
254200	3.5834974
254290	3.583243
254380	3.5829883
254470	3.5827334
254560	3.5824783
254650	3.582223
254740	3.5819676
254830	3.5817119
254920	3.5814561
255010	3.5812
255100	3.5809438
255190	3.5806874
255280	3.5804308
255370	3.580174
255460	3.579917
255550	3.5796599
255640	3.5794026
255730	3.5791451
255820	3.5788875
255910	3.5786296
256000	3.5783717
256090	3.5781135
256180	3.5778552
256270	3.5775967
256360	3.5773381
256450	3.5770793
256540	3.5768204
256630	3.5765613
256720	3.5763021
256810	3.5760428
256900	3.5757833
256990	3.5755236
257080	3.5752638
257170	3.5750039
257260	3.5747439
257350	3.5744837
257440	3.5742234
257530	3.573963
257620	3.5737024
257710	3.5734417
257800	3.573181
257890	3.5729201
257980	3.572659
258070	3.5723979
258160	3.5721367
258250	3.5718754
258340	3.5716139
258430	3.5713524
258520	3.5710908
258610	3.570829
258700	3.5705672
258790	3.5703053
258880	3.5700433
258970	3.5697813
259060	3.5695191
259150	3.5692569
259240	3.5689946
259330	3.5687322
259420	3.5684697
259510	3.5682072
259600	3.5679446
259690	3.567682
259780	3.5674193
259870	3.5671565
259960	3.5668937
260050	3.5666308
260140	3.5663679
260230	3.566105
260320	3.565842
260410	3.5655789
260500	3.5653158
260590	3.5650527
260680	3.5647896
260770	3.5645264
260860	3.5642632
260950	3.564
261040	3.5637367
261130	3.5634734
261220	3.5632102
261310	3.5629469
261400	3.5626836
261490	3.5624203
261580	3.5621569
261670	3.5618936
261760	3.5616303
261850	3.561367
261940	3.5611037
262030	3.5608404
262120	3.5605771
262210	3.5603138
262300	3.5600506
262390	3.5597874
262480	3.5595242
262570	3.559261
262660	3.5589978
262750	3.5587347
262840	3.5584716
262930	3.5582086
263020	3.5579456
263110	3.5576826
263200	3.5574197
263290	3.5571568
263380	3.556894
263470	3.5566313
263560	3.5563685
263650	3.5561059
263740	3.5558433
263830	3.5555808
263920	3.5553183
264010	3.555056
264100	3.5547936
264190	3.5545314
264280	3.5542693
264370	3.5540072
264460	3.5537452
264550	3.5534833
264640	3.5532215
264730	3.5529597
264820	3.5526981
264910	3.5524366
265000	3.5521752
265090	3.5519138
265180	3.5516526
265270	3.5513915
265360	3.5511305
265450	3.5508696
265540	3.5506088
265630	3.5503481
265720	3.5500876
265810	3.5498272
265900	3.5495669
265990	3.5493067
266080	3.5490467
266170	3.5487868
266260	3.548527
266350	3.5482674
266440	3.5480079
266530	3.5477486
266620	3.5474894
266710	3.5472304
266800	3.5469715
266890	3.5467127
266980	3.5464541
267070	3.5461957
267160	3.5459374
267250	3.5456793
267340	3.5454214
267430	3.5451636
267520	3.544906
267610	3.5446486
267700	3.5443913
267790	3.5441342
267880	3.5438773
267970	3.5436206
268060	3.5433641
268150	3.5431077
268240	3.5428516
268330	3.5425956
268420	3.5423398
268510	3.5420842
268600	3.5418288
268690	3.5415736
268780	3.5413186
268870	3.5410639
268960	3.5408093
269050	3.5405549
269140	3.5403007
269230	3.5400468
269320	3.539793
269410	3.5395395
269500	3.5392862
269590	3.5390331
269680	3.5387802
269770	3.5385276
269860	3.5382751
269950	3.5380229
270040	3.537771
270130	3.5375192
270220	3.5372677
270310	3.5370165
270400	3.5367654
270490	3.5365146
270580	3.5362641
270670	3.5360137
270760	3.5357637
270850	3.5355138
270940	3.5352642
271030	3.5350149
271120	3.5347658
271210	3.534517
271300	3.5342684
271390	3.5340201
271480	3.533772
271570	3.5335242
271660	3.5332766
271750	3.5330293
271840	3.5327823
271930	3.5325355
272020	3.532289
272110	3.5320427
272200	3.5317968
272290	3.5315511
272380	3.5313056
272470	3.5310605
272560	3.5308156
272650	3.530571
272740	3.5303266
272830	3.5300825
272920	3.5298388
273010	3.5295952
273100	3.529352
273190	3.5291091
273280	3.5288664
273370	3.528624
273460	3.5283819
273550	3.5281401
273640	3.5278986
273730	3.5276574
273820	3.5274164
273910	3.5271758
274000	3.5269354
274090	3.5266953
274180	3.5264555
274270	3.526216
274360	3.5259768
274450	3.5257379
274540	3.5254993
274630	3.525261
274720	3.525023
274810	3.5247853
274900	3.5245479
274990	3.5243108
275080	3.524074
275170	3.5238375
275260	3.5236013
275350	3.5233654
275440	3.5231297
275530	3.5228944
275620	3.5226595
275710	3.5224248
275800	3.5221904
275890	3.5219563
275980	3.5217225
276070	3.5214891
276160	3.5212559
276250	3.521023
276340	3.5207905
276430	3.5205583
276520	3.5203263
276610	3.5200947
276700	3.5198634
276790	3.5196324
276880	3.5194017
276970	3.5191713
277060	3.5189412
277150	3.5187115
277240	3.518482
277330	3.5182529
277420	3.518024
277510	3.5177955
277600	3.5175673
277690	3.5173394
277780	3.5171118
277870	3.5168845
277960	3.5166575
278050	3.5164309
278140	3.5162045
278230	3.5159785
278320	3.5157527
278410	3.5155273
278500	3.5153022
278590	3.5150774
278680	3.5148529
278770	3.5146287
278860	3.5144048
278950	3.5141813
279040	3.513958
279130	3.5137351
279220	3.5135124
279310	3.5132901
279400	3.513068
279490	3.5128463
279580	3.5126249
279670	3.5124038
279760	3.512183
279850	3.5119625
279940	3.5117423
280030	3.5115224
280120	3.5113028
280210	3.5110835
280300	3.5108645
280390	3.5106458
280480	3.5104274
280570	3.5102093
280660	3.5099915
280750	3.509774
280840	3.5095568
280930	3.5093399
281020	3.5091233
281110	3.5089069
281200	3.5086909
281290	3.5084752
281380	3.5082598
281470	3.5080446
281560	3.5078298
281650	3.5076152
281740	3.5074009
281830	3.5071869
281920	3.5069732
282010	3.5067598
282100	3.5065466
282190	3.5063338
282280	3.5061212
282370	3.5059089
282460	3.5056969
282550	3.5054852
282640	3.5052737
282730	3.5050625
282820	3.5048516
282910	3.504641
283000	3.5044306
283090	3.5042205
283180	3.5040107
283270	3.5038011
283360	3.5035918
283450	3.5033828
283540	3.503174
283630	3.5029655
283720	3.5027573
283810	3.5025493
283900	3.5023416
283990	3.5021341
284080	3.5019269
284170	3.50172
284260	3.5015132
284350	3.5013068
284440	3.5011006
284530	3.5008946
284620	3.5006889
284710	3.5004834
284800	3.5002782
284890	3.5000732
284980	3.4998684
285070	3.4996639
285160	3.4994596
285250	3.4992555
285340	3.4990517
285430	3.4988481
285520	3.4986447
285610	3.4984416
285700	3.4982386
285790	3.4980359
285880	3.4978334
285970	3.4976312
286060	3.4974291
286150	3.4972273
286240	3.4970256
286330	3.4968242
286420	3.496623
286510	3.4964219
286600	3.4962211
286690	3.4960205
286780	3.4958201
286870	3.4956198
286960	3.4954198
287050	3.4952199
287140	3.4950203
287230	3.4948208
287320	3.4946215
287410	3.4944224
287500	3.4942234
287590	3.4940247
287680	3.4938261
287770	3.4936276
287860	3.4934294
287950	3.4932313
288040	3.4930333
288130	3.4928356
288220	3.492638
288310	3.4924405
288400	3.4922432
288490	3.492046
288580	3.491849
288670	3.4916521
288760	3.4914554
288850	3.4912588
288940	3.4910623
289030	3.490866
289120	3.4906698
289210	3.4904737
289300	3.4902777
289390	3.4900819
289480	3.4898862
289570	3.4896905
289660	3.489495
289750	3.4892996
289840	3.4891043
289930	3.4889091
290020	3.488714
290110	3.488519
290200	3.4883241
290290	3.4881293
290380	3.4879346
290470	3.4877399
290560	3.4875453
290650	3.4873508
290740	3.4871563
290830	3.486962
290920	3.4867676
291010	3.4865734
291100	3.4863792
291190	3.486185
291280	3.4859909
291370	3.4857968
291460	3.4856028
291550	3.4854088
291640	3.4852149
291730	3.4850209
291820	3.484827
291910	3.4846332
292000	3.4844393
292090	3.4842454
292180	3.4840516
292270	3.4838578
292360	3.4836639
292450	3.4834701
292540	3.4832762
292630	3.4830824
292720	3.4828885
292810	3.4826946
292900	3.4825006
292990	3.4823067
293080	3.4821127
293170	3.4819187
293260	3.4817246
293350	3.4815305
293440	3.4813363
293530	3.481142
293620	3.4809477
293710	3.4807534
293800	3.4805589
293890	3.4803644
293980	3.4801698
294070	3.4799752
294160	3.4797804
294250	3.4795855
294340	3.4793906
294430	3.4791955
294520	3.4790003
294610	3.478805
294700	3.4786096
294790	3.478414
294880	3.4782183
294970	3.4780225
295060	3.4778265
295150	3.4776304
295240	3.4774341
295330	3.4772377
295420	3.4770411
295510	3.4768443
295600	3.4766474
295690	3.4764503
295780	3.4762529
295870	3.4760554
295960	3.4758577
296050	3.4756598
296140	3.4754616
296230	3.4752633
296320	3.4750647
296410	3.4748659
296500	3.4746668
296590	3.4744675
296680	3.474268
296770	3.4740682
296860	3.4738681
296950	3.4736678
297040	3.4734672
297130	3.4732663
297220	3.4730651
297310	3.4728636
297400	3.4726618
297490	3.4724597
297580	3.4722573
297670	3.4720545
297760	3.4718514
297850	3.471648
297940	3.4714442
298030	3.4712401
298120	3.4710356
298210	3.4708308
298300	3.4706256
298390	3.4704199
298480	3.4702139
298570	3.4700075
298660	3.4698007
298750	3.4695935
298840	3.4693858
298930	3.4691777
299020	3.4689692
299110	3.4687602
299200	3.4685508
299290	3.4683409
299380	3.4681305
299470	3.4679196
299560	3.4677083
299650	3.4674965
299740	3.4672841
299830	3.4670712
299920	3.4668578
300010	3.4666439
300100	3.4664294
300190	3.4662144
300280	3.4659988
300370	3.4657826
300460	3.4655659
300550	3.4653486
300640	3.4651306
300730	3.4649121
300820	3.4646929
300910	3.4644731
301000	3.4642527
301090	3.4640316
301180	3.4638099
301270	3.4635875
301360	3.4633644
301450	3.4631406
301540	3.4629161
301630	3.4626909
301720	3.462465
301810	3.4622384
301900	3.462011
301990	3.4617829
302080	3.461554
302170	3.4613243
302260	3.4610938
302350	3.4608625
302440	3.4606305
302530	3.4603976
302620	3.4601638
302710	3.4599293
302800	3.4596938
302890	3.4594575
302980	3.4592204
303070	3.4589823
303160	3.4587433
303250	3.4585034
303340	3.4582626
303430	3.4580208
303520	3.4577781
303610	3.4575344
303700	3.4572898
303790	3.4570441
303880	3.4567975
303970	3.4565498
304060	3.4563011
304150	3.4560513
304240	3.4558005
304330	3.4555487
304420	3.4552957
304510	3.4550416
304600	3.4547865
304690	3.4545302
304780	3.4542727
304870	3.4540142
304960	3.4537544
305050	3.4534935
305140	3.4532313
305230	3.452968
305320	3.4527034
305410	3.4524376
305500	3.4521706
305590	3.4519022
305680	3.4516326
305770	3.4513617
305860	3.4510895
305950	3.4508159
306040	3.450541
306130	3.4502647
306220	3.4499871
306310	3.4497081
306400	3.4494277
306490	3.4491458
306580	3.4488625
306670	3.4485777
306760	3.4482915
306850	3.4480038
306940	3.4477146
307030	3.4474239
307120	3.4471316
307210	3.4468378
307300	3.4465424
307390	3.4462454
307480	3.4459468
307570	3.4456467
307660	3.4453448
307750	3.4450413
307840	3.4447362
307930	3.4444293
308020	3.4441208
308110	3.4438105
308200	3.4434985
308290	3.4431847
308380	3.4428692
308470	3.4425518
308560	3.4422327
308650	3.4419117
308740	3.4415889
308830	3.4412642
308920	3.4409376
309010	3.4406092
309100	3.4402788
309190	3.4399464
309280	3.4396122
309370	3.4392759
309460	3.4389377
309550	3.4385975
309640	3.4382552
309730	3.4379109
309820	3.4375645
309910	3.437216
310000	3.4368655
310090	3.4365128
310180	3.4361579
310270	3.4358009
310360	3.4354418
310450	3.4350804
310540	3.4347169
310630	3.4343511
310720	3.433983
310810	3.4336127
310900	3.4332401
310990	3.4328652
311080	3.432488
311170	3.4321084
311260	3.4317265
311350	3.4313421
311440	3.4309554
311530	3.4305663
311620	3.4301747
311710	3.4297807
311800	3.4293842
311890	3.4289852
311980	3.4285837
312070	3.4281797
312160	3.4277731
312250	3.427364
312340	3.4269523
312430	3.4265379
312520	3.426121
312610	3.4257014
312700	3.4252792
312790	3.4248543
312880	3.4244267
312970	3.4239965
313060	3.4235635
313150	3.4231277
313240	3.4226892
313330	3.422248
313420	3.4218039
313510	3.421357
313600	3.4209073
313690	3.4204547
313780	3.4199993
313870	3.419541
313960	3.4190799
314050	3.4186158
314140	3.4181489
314230	3.417679
314320	3.4172061
314410	3.4167303
314500	3.4162515
314590	3.4157697
314680	3.4152849
314770	3.4147971
314860	3.4143062
314950	3.4138123
315040	3.4133153
315130	3.4128153
315220	3.4123122
315310	3.411806
315400	3.4112967
315490	3.4107843
315580	3.4102687
315670	3.40975
315760	3.4092281
315850	3.408703
315940	3.4081748
316030	3.4076434
316120	3.4071088
316210	3.4065709
316300	3.4060299
316390	3.4054857
316480	3.4049382
316570	3.4043876
316660	3.4038336
316750	3.4032765
316840	3.402716
316930	3.4021523
317020	3.4015853
317110	3.401015
317200	3.4004415
317290	3.3998647
317380	3.3992846
317470	3.3987012
317560	3.3981145
317650	3.3975245
317740	3.3969313
317830	3.3963347
317920	3.3957349
318010	3.3951317
318100	3.3945253
318190	3.3939155
318280	3.3933024
318370	3.392686
318460	3.3920663
318550	3.3914434
318640	3.3908171
318730	3.3901876
318820	3.3895548
318910	3.3889188
319000	3.3882794
319090	3.3876368
319180	3.3869909
319270	3.3863418
319360	3.3856894
319450	3.3850338
319540	3.3843749
319630	3.3837129
319720	3.3830476
319810	3.3823791
319900	3.3817074
319990	3.3810326
320080	3.3803546
320170	3.3796735
320260	3.3789892
320350	3.3783018
320440	3.3776112
320530	3.3769176
320620	3.3762209
320710	3.3755211
320800	3.3748182
320890	3.3741123
320980	3.3734035
321070	3.3726916
321160	3.3719767
321250	3.3712589
321340	3.3705382
321430	3.3698146
321520	3.369088
321610	3.3683586
321700	3.3676263
321790	3.3668912
321880	3.3661533
321970	3.3654126
322060	3.3646691
322150	3.3639229
322240	3.363174
322330	3.3624224
322420	3.3616682
322510	3.3609114
322600	3.360152
322690	3.3593899
322780	3.3586254
322870	3.3578583
322960	3.3570888
323050	3.3563167
323140	3.3555423
323230	3.3547654
323320	3.3539862
323410	3.3532047
323500	3.3524209
323590	3.3516348
323680	3.3508465
323770	3.350056
323860	3.3492633
323950	3.3484685
324040	3.3476716
324130	3.3468727
324220	3.3460717
324310	3.3452686
324400	3.3444637
324490	3.3436568
324580	3.342848
324670	3.3420374
324760	3.341225
324850	3.3404108
324940	3.3395949
325030	3.3387773
325120	3.337958
325210	3.3371371
325300	3.3363146
325390	3.3354905
325480	3.334665
325570	3.3338379
325660	3.3330094
325750	3.3321795
325840	3.3313482
325930	3.3305157
326020	3.3296818
326110	3.3288467
326200	3.3280104
326290	3.327173
326380	3.3263344
326470	3.3254947
326560	3.3246539
326650	3.3238122
326740	3.3229694
326830	3.3221257
326920	3.3212811
327010	3.3204357
327100	3.3195894
327190	3.3187423
327280	3.3178945
327370	3.3170459
327460	3.3161967
327550	3.3153468
327640	3.3144963
327730	3.3136452
327820	3.3127936
327910	3.3119415
328000	3.3110889
328090	3.3102359
328180	3.3093825
328270	3.3085287
328360	3.3076746
328450	3.3068202
328540	3.3059655
328630	3.3051106
328720	3.3042554
328810	3.3034001
328900	3.3025447
328990	3.3016891
329080	3.3008335
329170	3.2999777
329260	3.299122
329350	3.2982663
329440	3.2974106
329530	3.2965549
329620	3.2956993
329710	3.2948439
329800	3.2939885
329890	3.2931334
329980	3.2922784
330070	3.2914236
330160	3.290569
330250	3.2897147
330340	3.2888606
330430	3.2880069
330520	3.2871534
330610	3.2863003
330700	3.2854476
330790	3.2845952
330880	3.2837432
330970	3.2828915
331060	3.2820403
331150	3.2811896
331240	3.2803393
331330	3.2794894
331420	3.27864
331510	3.2777911
331600	3.2769427
331690	3.2760948
331780	3.2752474
331870	3.2744006
331960	3.2735543
332050	3.2727085
332140	3.2718633
332230	3.2710187
332320	3.2701746
332410	3.269331
332500	3.2684881
332590	3.2676457
332680	3.2668039
332770	3.2659627
332860	3.2651221
332950	3.264282
333040	3.2634426
333130	3.2626037
333220	3.2617654
333310	3.2609276
333400	3.2600904
333490	3.2592538
333580	3.2584178
333670	3.2575823
333760	3.2567474
333850	3.255913
333940	3.2550791
334030	3.2542458
334120	3.253413
334210	3.2525807
334300	3.2517489
334390	3.2509176
334480	3.2500867
334570	3.2492563
334660	3.2484264
334750	3.2475969
334840	3.2467678
334930	3.245939
335020	3.2451107
335110	3.2442828
335200	3.2434551
335290	3.2426278
335380	3.2418009
335470	3.2409742
335560	3.2401478
335650	3.2393216
335740	3.2384956
335830	3.2376699
335920	3.2368443
336010	3.2360188
336100	3.2351935
336190	3.2343684
336280	3.2335432
336370	3.2327182
336460	3.2318931
336550	3.2310681
336640	3.230243
336730	3.2294178
336820	3.2285926
336910	3.2277672
337000	3.2269417
337090	3.226116
337180	3.2252901
337270	3.224464
337360	3.2236375
337450	3.2228108
337540	3.2219837
337630	3.2211562
337720	3.2203283
337810	3.2194999
337900	3.218671
337990	3.2178416
338080	3.2170117
338170	3.2161811
338260	3.2153499
338350	3.214518
338440	3.2136854
338530	3.2128521
338620	3.2120179
338710	3.2111829
338800	3.2103471
338890	3.2095103
338980	3.2086725
339070	3.2078337
339160	3.2069939
339250	3.2061529
339340	3.2053108
339430	3.2044676
339520	3.2036231
339610	3.2027773
339700	3.2019303
339790	3.2010818
339880	3.200232
339970	3.1993807
340060	3.1985278
340150	3.1976735
340240	3.1968175
340330	3.1959598
340420	3.1951005
340510	3.1942394
340600	3.1933765
340690	3.1925117
340780	3.1916451
340870	3.1907765
340960	3.1899059
341050	3.1890333
341140	3.1881585
341230	3.1872816
341320	3.1864025
341410	3.1855211
341500	3.1846374
341590	3.1837513
341680	3.1828627
341770	3.1819717
341860	3.1810781
341950	3.180182
342040	3.1792832
342130	3.1783817
342220	3.1774775
342310	3.1765704
342400	3.1756605
342490	3.1747477
342580	3.1738318
342670	3.1729129
342760	3.1719909
342850	3.1710657
342940	3.1701372
343030	3.1692054
343120	3.1682704
343210	3.1673319
343300	3.1663899
343390	3.1654445
343480	3.1644955
343570	3.1635428
343660	3.1625864
343750	3.1616263
343840	3.1606623
343930	3.1596943
344020	3.1587224
344110	3.1577465
344200	3.1567664
344290	3.1557821
344380	3.1547937
344470	3.153801
344560	3.1528039
344650	3.1518025
344740	3.1507966
344830	3.1497861
344920	3.148771
345010	3.1477512
345100	3.1467267
345190	3.1456973
345280	3.1446629
345370	3.1436236
345460	3.1425792
345550	3.1415298
345640	3.1404752
345730	3.1394153
345820	3.1383502
345910	3.1372797
346000	3.1362038
346090	3.1351224
346180	3.1340353
346270	3.1329426
346360	3.1318441
346450	3.1307397
346540	3.1296294
346630	3.1285131
346720	3.1273907
346810	3.1262622
346900	3.1251276
346990	3.1239867
347080	3.1228395
347170	3.1216859
347260	3.1205259
347350	3.1193592
347440	3.1181858
347530	3.1170057
347620	3.1158188
347710	3.1146249
347800	3.1134239
347890	3.1122159
347980	3.1110007
348070	3.1097783
348160	3.1085487
348250	3.1073117
348340	3.1060672
348430	3.1048152
348520	3.1035556
348610	3.1022883
348700	3.1010131
348790	3.09973
348880	3.0984389
348970	3.0971397
349060	3.0958321
349150	3.0945164
349240	3.0931923
349330	3.0918598
349420	3.0905188
349510	3.0891693
349600	3.0878111
349690	3.0864442
349780	3.0850684
349870	3.0836836
349960	3.0822897
350050	3.0808866
350140	3.0794742
350230	3.0780523
350320	3.0766209
350410	3.07518
350500	3.0737294
350590	3.0722692
350680	3.0707992
350770	3.0693192
350860	3.0678293
350950	3.0663293
351040	3.064819
351130	3.0632984
351220	3.0617674
351310	3.0602257
351400	3.0586733
351490	3.0571099
351580	3.0555357
351670	3.0539505
351760	3.0523543
351850	3.050747
351940	3.0491284
352030	3.0474984
352120	3.045857
352210	3.044204
352300	3.0425394
352390	3.0408628
352480	3.0391743
352570	3.0374736
352660	3.0357606
352750	3.0340351
352840	3.0322972
352930	3.0305467
353020	3.0287837
353110	3.027008
353200	3.0252194
353290	3.0234179
353380	3.0216033
353470	3.0197754
353560	3.0179343
353650	3.0160796
353740	3.0142113
353830	3.012329
353920	3.0104327
354010	3.0085221
354100	3.0065975
354190	3.0046587
354280	3.0027056
354370	3.0007379
354460	2.9987557
354550	2.9967587
354640	2.9947468
354730	2.9927199
354820	2.9906779
354910	2.9886206
355000	2.9865476
355090	2.9844589
355180	2.982354
355270	2.9802332
355360	2.9780964
355450	2.9759435
355540	2.9737743
355630	2.9715887
355720	2.9693865
355810	2.9671676
355900	2.9649318
355990	2.962679
356080	2.9604091
356170	2.9581217
356260	2.9558167
356350	2.9534937
356440	2.9511525
356530	2.9487933
356620	2.9464159
356710	2.9440204
356800	2.9416063
356890	2.9391738
356980	2.9367224
357070	2.9342521
357160	2.9317628
357250	2.9292542
357340	2.9267262
357430	2.9241785
357520	2.9216108
357610	2.9190226
357700	2.9164139
357790	2.913785
357880	2.9111356
357970	2.9084655
358060	2.9057746
358150	2.9030627
358240	2.9003296
358330	2.8975752
358420	2.8947992
358510	2.8920014
358600	2.8891817
358690	2.8863398
358780	2.8834752
358870	2.8805873
358960	2.8776766
359050	2.8747429
359140	2.8717861
359230	2.868806
359320	2.8658024
359410	2.8627751
359500	2.8597239
359590	2.8566486
359680	2.8535489
359770	2.8504248
359860	2.8472758
359950	2.8441018
360040	2.840902
360130	2.837676
360220	2.8344243
360310	2.8311468
360400	2.8278432
360490	2.8245134
360580	2.821157
360670	2.8177739
360760	2.8143638
360850	2.8109266
360940	2.8074619
361030	2.8039695
361120	2.8004493
361210	2.7969007
361300	2.7933229
361390	2.7897157
361480	2.7860796
361570	2.7824145
361660	2.7787199
361750	2.7749958
361840	2.7712417
361930	2.7674575
362020	2.763643
362110	2.7597978
362200	2.7559217
362290	2.7520145
362380	2.7480758
362470	2.744105
362560	2.7401012
362650	2.7360645
362740	2.7319954
362830	2.7278934
362920	2.7237584
363010	2.71959
363100	2.7153879
363190	2.7111519
363280	2.7068817
363370	2.702577
363460	2.6982375
363550	2.6938628
363640	2.6894528
363730	2.6850065
363820	2.6805228
363910	2.6760025
364000	2.6714456
364090	2.6668517
364180	2.6622206
364270	2.6575519
364360	2.6528453
364450	2.6481005
364540	2.6433172
364630	2.638495
364720	2.6336336
364810	2.6287328
364900	2.623792
364990	2.6188102
365080	2.6137863
365170	2.6087214
365260	2.6036153
365350	2.5984676
365440	2.5932779
365530	2.5880459
365620	2.5827714
365710	2.5774537
365800	2.5720928
365890	2.5666881
365980	2.5612392
366070	2.555746
366160	2.5502077
366250	2.5446228
366340	2.538991
366430	2.533313
366520	2.5275887
366610	2.5218176
366700	2.5159992
366790	2.5101332
366880	2.5042193
366970	2.4982569
