t(s)	total_voltage(V)
0	4.1809414
0.1	4.0895852
0.15	4.0892777
0.25	4.0886761
0.45	4.0875335
0.85	4.0854825
1.65	4.0821166
3.25	4.0771514
6.45	4.070344
12.85	4.0610662
22.85	4.0508908
32.85	4.0433598
42.85	4.0375037
52.85	4.0326714
62.85	4.0285576
72.85	4.0250578
82.85	4.0220717
92.85	4.0194758
102.85	4.0171941
112.85	4.0151972
122.85	4.0134511
132.85	4.011911
142.85	4.0105439
152.85	4.0093324
162.85	4.0082616
172.85	4.0073137
182.85	4.0064721
192.85	4.0057239
202.85	4.0050589
212.85	4.0044677
222.85	4.0039408
232.85	4.0034684
242.85	4.0030427
252.85	4.0026572
262.85	4.0023058
272.85	4.0019825
282.85	4.0016817
292.85	4.001399
302.85	4.0011308
312.85	4.000874
322.85	4.0006251
332.85	4.0003812
342.85	4.00014
352.85	3.9998998
362.85	3.9996587
372.85	3.9994143
382.85	3.9991647
392.85	3.9989088
402.85	3.9986453
412.85	3.9983721
422.85	3.9980877
432.85	3.9977909
442.85	3.9974807
452.85	3.9971556
462.85	3.9968139
472.85	3.9964549
482.85	3.9960776
492.85	3.995681
502.85	3.995264
512.85	3.9948257
522.85	3.9943657
532.85	3.9938834
542.85	3.9933781
552.85	3.9928494
562.85	3.992297
572.85	3.9917207
582.85	3.9911204
592.85	3.9904958
602.85	3.9898472
612.85	3.9891745
622.85	3.9884778
632.85	3.9877574
642.85	3.9870135
652.85	3.9862464
662.85	3.9854564
672.85	3.984644
682.85	3.9838095
692.85	3.9829535
702.85	3.9820763
712.85	3.9811786
722.85	3.9802607
732.85	3.9793234
742.85	3.978367
752.85	3.9773923
762.85	3.9763999
772.85	3.9753902
782.85	3.9743639
792.85	3.9733217
802.85	3.9722641
812.85	3.9711918
822.85	3.9701053
832.85	3.9690054
842.85	3.9678925
852.85	3.9667674
862.85	3.9656306
872.85	3.9644827
882.85	3.9633243
892.85	3.9621561
902.85	3.9609785
912.85	3.9597922
922.85	3.9585977
932.85	3.9573956
942.85	3.9561864
952.85	3.9549706
962.85	3.9537487
972.85	3.9525213
982.85	3.9512888
992.85	3.9500518
1000	3.9491647
1010	3.9479209
1020	3.9466737
1030	3.9454236
1040	3.944171
1050	3.9429163
1060	3.94166
1070	3.9404023
1080	3.9391436
1090	3.9378843
1100	3.9366248
1110	3.9353653
1120	3.9341062
1130	3.9328478
1140	3.9315903
1150	3.9303341
1160	3.9290793
1170	3.9278263
1180	3.9265753
1190	3.9253264
1200	3.92408
1210	3.9228362
1220	3.9215951
1230	3.9203571
1240	3.9191221
1250	3.9178905
1260	3.9166623
1270	3.9154376
1280	3.9142167
1290	3.9129995
1300	3.9117861
1310	3.9105768
1320	3.9093714
1330	3.9081702
1340	3.9069731
1350	3.9057802
1360	3.9045915
1370	3.9034071
1380	3.9022269
1390	3.9010509
1400	3.8998791
1410	3.8987116
1420	3.8975482
1430	3.8963888
1440	3.8952336
1450	3.8940823
1460	3.8929348
1470	3.8917912
1480	3.8906512
1490	3.8895148
1500	3.8883819
1510	3.8872522
1520	3.8861256
1530	3.885002
1540	3.8838812
1550	3.882763
1560	3.8816473
1570	3.8805337
1580	3.8794222
1590	3.8783124
1600	3.8772043
1610	3.8760975
1620	3.8749918
1630	3.8738869
1640	3.8727828
1650	3.8716791
1660	3.8705755
1670	3.869472
1680	3.8683681
1690	3.8672639
1700	3.8661589
1710	3.865053
1720	3.863946
1730	3.8628377
1740	3.8617279
1750	3.8606165
1760	3.8595032
1770	3.8583879
1780	3.8572705
1790	3.8561509
1800	3.8550287
1810	3.8539041
1820	3.8527767
1830	3.8516466
1840	3.8505135
1850	3.8493774
1860	3.8482382
1870	3.8470957
1880	3.84595
1890	3.8448007
1900	3.843648
1910	3.8424916
1920	3.8413315
1930	3.8401676
1940	3.8389997
1950	3.8378277
1960	3.8366517
1970	3.8354713
1980	3.8342866
1990	3.8330974
2000	3.8319036
2010	3.830705
2020	3.8295015
2030	3.8282929
2040	3.8270792
2050	3.8258602
2060	3.8246356
2070	3.8234054
2080	3.8221693
2090	3.8209272
2100	3.8196789
2110	3.8184241
2120	3.8171627
2130	3.8158945
2140	3.8146192
2150	3.8133366
2160	3.8120464
2170	3.8107486
2180	3.8094427
2190	3.8081286
2200	3.806806
2210	3.8054747
2220	3.8041345
2230	3.8027851
2240	3.8014263
2250	3.8000578
2260	3.7986796
2270	3.7972915
2280	3.7958932
2290	3.7944847
2300	3.793066
2310	3.7916369
2320	3.7901976
2330	3.7887481
2340	3.7872886
2350	3.7858192
2360	3.7843403
2370	3.7828522
2380	3.7813555
2390	3.7798506
2400	3.7783381
2410	3.7768188
2420	3.7752935
2430	3.773763
2440	3.7722282
2450	3.77069
2460	3.7691496
2470	3.7676079
2480	3.7660659
2490	3.7645247
2500	3.7629854
2510	3.7614488
2520	3.7599159
2530	3.7583876
2540	3.7568647
2550	3.7553478
2560	3.7538377
2570	3.7523349
2580	3.7508397
2590	3.7493527
2600	3.7478739
2610	3.7464037
2620	3.7449422
2630	3.7434892
2640	3.7420449
2650	3.740609
2660	3.7391815
2670	3.737762
2680	3.7363503
2690	3.7349461
2700	3.733549
2710	3.7321588
2720	3.730775
2730	3.7293973
2740	3.7280251
2750	3.7266582
2760	3.7252961
2770	3.7239385
2780	3.7225849
2790	3.7212349
2800	3.7198882
2810	3.7185445
2820	3.7172034
2830	3.7158645
2840	3.7145277
2850	3.7131925
2860	3.7118588
2870	3.7105263
2880	3.7091948
2890	3.7078641
2900	3.7065341
2910	3.7052045
2920	3.7038753
2930	3.7025463
2940	3.7012175
2950	3.6998888
2960	3.6985601
2970	3.6972314
2980	3.6959028
2990	3.6945741
3000	3.6932455
3010	3.691917
3020	3.6905886
3030	3.6892604
3040	3.6879325
3050	3.6866049
3060	3.6852779
3070	3.6839514
3080	3.6826257
3090	3.6813008
3100	3.6799769
3110	3.6786542
3120	3.6773329
3130	3.676013
3140	3.6746947
3150	3.6733784
3160	3.672064
3170	3.6707518
3180	3.6694421
3190	3.6681349
3200	3.6668304
3210	3.6655289
3220	3.6642306
3230	3.6629356
3240	3.661644
3250	3.6603562
3260	3.6590722
3270	3.6577923
3280	3.6565166
3290	3.6552453
3300	3.6539785
3310	3.6527165
3320	3.6514593
3330	3.6502071
3340	3.64896
3350	3.6477183
3360	3.6464819
3370	3.6452511
3380	3.6440259
3390	3.6428065
3400	3.6415929
3410	3.6403853
3420	3.6391836
3430	3.6379881
3440	3.6367987
3450	3.6356156
3460	3.6344387
3470	3.6332681
3480	3.6321039
3490	3.6309461
3500	3.6297947
3510	3.6286497
3520	3.6275112
3530	3.6263791
3540	3.6252533
3550	3.624134
3560	3.6230211
3570	3.6219145
3580	3.6208142
3590	3.6197202
3600	3.6186324
3610	3.6175508
3620	3.6164752
3630	3.6154058
3640	3.6143422
3650	3.6132846
3660	3.6122328
3670	3.6111867
3680	3.6101462
3690	3.6091113
3700	3.6080818
3710	3.6070576
3720	3.6060387
3730	3.6050249
3740	3.6040161
3750	3.6030122
3760	3.6020131
3770	3.6010186
3780	3.6000287
3790	3.5990432
3800	3.5980619
3810	3.5970848
3820	3.5961117
3830	3.5951425
3840	3.594177
3850	3.5932152
3860	3.5922568
3870	3.5913018
3880	3.59035
3890	3.5894013
3900	3.5884556
3910	3.5875126
3920	3.5865723
3930	3.5856346
3940	3.5846992
3950	3.5837661
3960	3.5828351
3970	3.5819061
3980	3.580979
3990	3.5800536
4000	3.5791298
4010	3.5782074
4020	3.5772864
4030	3.5763666
4040	3.5754479
4050	3.5745301
4060	3.5736131
4070	3.5726968
4080	3.5717811
4090	3.5708659
4100	3.5699509
4110	3.5690362
4120	3.5681216
4130	3.5672069
4140	3.5662921
4150	3.5653771
4160	3.5644616
4170	3.5635457
4180	3.5626292
4190	3.5617119
4200	3.5607939
4210	3.5598749
4220	3.5589548
4230	3.5580336
4240	3.5571112
4250	3.5561874
4260	3.5552621
4270	3.5543352
4280	3.5534066
4290	3.5524763
4300	3.551544
4310	3.5506098
4320	3.5496735
4330	3.5487349
4340	3.547794
4350	3.5468507
4360	3.5459049
4370	3.5449565
4380	3.5440053
4390	3.5430512
4400	3.5420942
4410	3.5411342
4420	3.540171
4430	3.5392045
4440	3.5382346
4450	3.5372612
4460	3.5362842
4470	3.5353034
4480	3.5343189
4490	3.5333303
4500	3.5323377
4510	3.5313408
4520	3.5303397
4530	3.5293341
4540	3.5283239
4550	3.527309
4560	3.5262893
4570	3.5252647
4580	3.524235
4590	3.5232
4600	3.5221597
4610	3.5211139
4620	3.5200625
4630	3.5190053
4640	3.5179422
4650	3.5168731
4660	3.5157978
4670	3.5147161
4680	3.513628
4690	3.5125332
4700	3.5114317
4710	3.5103232
4720	3.5092077
4730	3.5080851
4740	3.506955
4750	3.5058175
4760	3.5046724
4770	3.5035194
4780	3.5023586
4790	3.5011898
4800	3.5000128
4810	3.4988276
4820	3.497634
4830	3.4964319
4840	3.4952212
4850	3.4940018
4860	3.4927736
4870	3.4915366
4880	3.4902907
4890	3.4890359
4900	3.4877721
4910	3.4864992
4920	3.4852174
4930	3.4839265
4940	3.4826266
4950	3.4813179
4960	3.4800002
4970	3.4786737
4980	3.4773386
4990	3.4759948
5000	3.4746427
5010	3.4732822
5020	3.4719137
5030	3.4705373
5040	3.4691532
5050	3.4677618
5060	3.4663633
5070	3.4649579
5080	3.463546
5090	3.4621279
5100	3.4607041
5110	3.4592748
5120	3.4578404
5130	3.4564015
5140	3.4549583
5150	3.4535113
5160	3.452061
5170	3.4506079
5180	3.4491523
5190	3.4476948
5200	3.4462359
5210	3.444776
5220	3.4433156
5230	3.4418552
5240	3.4403954
5250	3.4389364
5260	3.4374789
5270	3.4360233
5280	3.43457
5290	3.4331195
5300	3.4316723
5310	3.4302286
5320	3.428789
5330	3.4273538
5340	3.4259233
5350	3.424498
5360	3.4230782
5370	3.421664
5380	3.420256
5390	3.4188542
5400	3.417459
5410	3.4160705
5420	3.4146889
5430	3.4133145
5440	3.4119473
5450	3.4105875
5460	3.4092352
5470	3.4078904
5480	3.4065532
5490	3.4052235
5500	3.4039015
5510	3.402587
5520	3.4012799
5530	3.3999803
5540	3.398688
5550	3.3974028
5560	3.3961246
5570	3.3948532
5580	3.3935884
5590	3.39233
5600	3.3910776
5610	3.3898311
5620	3.3885901
5630	3.3873542
5640	3.3861232
5650	3.3848965
5660	3.3836739
5670	3.3824549
5680	3.3812389
5690	3.3800257
5700	3.3788145
5710	3.377605
5720	3.3763965
5730	3.3751885
5740	3.3739803
5750	3.3727714
5760	3.371561
5770	3.3703486
5780	3.3691334
5790	3.3679146
5800	3.3666916
5810	3.3654635
5820	3.3642296
5830	3.362989
5840	3.3617408
5850	3.3604842
5860	3.3592184
5870	3.3579422
5880	3.3566548
5890	3.3553552
5900	3.3540422
5910	3.352715
5920	3.3513723
5930	3.3500129
5940	3.3486358
5950	3.3472396
5960	3.345823
5970	3.3443848
5980	3.3429234
5990	3.3414374
6000	3.3399252
6010	3.3383853
6020	3.3368159
6030	3.3352152
6040	3.3335813
6050	3.3319122
6060	3.3302058
6070	3.3284599
6080	3.3266721
6090	3.3248401
6100	3.3229611
6110	3.3210326
6120	3.3190516
6130	3.3170151
6140	3.3149202
6150	3.3127636
6160	3.3105419
6170	3.3082518
6180	3.3058898
6190	3.3034525
6200	3.3009363
6210	3.2983378
6220	3.2956534
6230	3.29288
6240	3.2900144
6250	3.2870538
6260	3.2839954
6270	3.2808371
6280	3.2775769
6290	3.2742133
6300	3.2707454
6310	3.2671728
6320	3.2634958
6330	3.2597149
6340	3.2558316
6350	3.251848
6360	3.2477667
6370	3.243591
6380	3.2393247
6390	3.2349722
6400	3.2305386
6410	3.2260291
6420	3.2214496
6430	3.2168062
6440	3.2121053
6450	3.2073535
6460	3.2025572
6470	3.1977232
6480	3.192858
6490	3.187968
6500	3.1830593
6510	3.1781376
6520	3.1732083
6530	3.1682761
6540	3.1633455
6550	3.1584202
6560	3.1535032
6570	3.1485968
6580	3.1437029
6590	3.1388223
6600	3.1339553
6610	3.1291015
6620	3.1242595
6630	3.1194276
6640	3.1146032
6650	3.1097829
6660	3.104963
6670	3.1001389
6680	3.0953055
6690	3.0904573
6700	3.0855881
6710	3.0806914
6720	3.07576
6730	3.0707864
6740	3.0657628
6750	3.0606807
6760	3.0555316
6770	3.0503063
6780	3.0449954
6790	3.0395891
6800	3.0340774
6810	3.0284498
6820	3.0226954
6830	3.0168031
6840	3.0107613
6850	3.0045583
6860	2.9981818
6870	2.991619
6880	2.9848566
6890	2.9778814
6900	2.9706795
6910	2.9632359
6920	2.9555361
6930	2.9475644
6940	2.9393045
6950	2.93074
6960	2.9218533
6970	2.9126266
6980	2.9030412
6990	2.8930774
7000	2.8827152
7010	2.8719333
7020	2.8607097
7030	2.8490217
7040	2.8368453
7050	2.8241555
7060	2.8109266
7070	2.797131
7080	2.7827406
7090	2.7677256
7100	2.752055
7110	2.7356963
7120	2.7186157
7130	2.7007778
7140	2.6821453
7150	2.6626795
7160	2.6423394
7170	2.6210826
7180	2.5988642
7190	2.5756373
7200	2.551353
7210	2.5259597
7220	2.4994034
