t(s)	total_voltage(V)
0	4.1809414
0.1	4.1582163
0.2	4.1580868
0.4	4.1578414
0.8	4.1574014
1.6	4.1566766
3.2	4.1555959
6.4	4.1540866
12.8	4.1519712
22.8	4.1495573
32.8	4.1476825
42.8	4.1461466
52.8	4.1448041
62.8	4.1435884
72.8	4.1424842
82.8	4.1414733
92.8	4.140527
102.8	4.1396302
112.8	4.1387821
122.8	4.1379775
132.8	4.1372046
142.8	4.1364574
152.8	4.1357359
162.8	4.1350382
172.8	4.13436
182.8	4.1336988
192.8	4.1330539
202.8	4.1324243
212.8	4.1318084
222.8	4.1312051
232.8	4.1306136
242.8	4.1300333
252.8	4.1294633
262.8	4.1289032
272.8	4.1283524
282.8	4.1278103
292.8	4.1272765
302.8	4.1267507
312.8	4.1262325
322.8	4.1257216
332.8	4.1252175
342.8	4.1247201
352.8	4.1242291
362.8	4.1237443
372.8	4.1232654
382.8	4.1227922
392.8	4.1223246
402.8	4.1218623
412.8	4.1214052
422.8	4.120953
432.8	4.1205057
442.8	4.1200632
452.8	4.1196252
462.8	4.1191917
472.8	4.1187626
482.8	4.1183377
492.8	4.1179169
502.8	4.1175001
512.8	4.1170872
522.8	4.1166783
532.8	4.1162731
542.8	4.1158715
552.8	4.1154736
562.8	4.1150792
572.8	4.1146882
582.8	4.1143006
592.8	4.1139163
602.8	4.1135353
612.8	4.1131576
622.8	4.112783
632.8	4.1124115
642.8	4.112043
652.8	4.1116775
662.8	4.111315
672.8	4.1109554
682.8	4.1105986
692.8	4.1102447
702.8	4.1098936
712.8	4.1095452
722.8	4.1091996
732.8	4.1088566
742.8	4.1085163
752.8	4.1081785
762.8	4.1078433
772.8	4.1075108
782.8	4.1071807
792.8	4.1068532
802.8	4.1065281
812.8	4.1062054
822.8	4.1058851
832.8	4.1055673
842.8	4.1052518
852.8	4.1049387
862.8	4.1046279
872.8	4.1043194
882.8	4.1040132
892.8	4.1037093
902.8	4.1034076
912.8	4.1031082
922.8	4.1028109
932.8	4.1025159
942.8	4.102223
952.8	4.1019323
962.8	4.1016438
972.8	4.1013574
982.8	4.1010731
992.8	4.1007909
1000	4.100589
1010	4.1003104
1020	4.1000339
1030	4.0997593
1040	4.0994869
1050	4.0992166
1060	4.0989482
1070	4.0986818
1080	4.0984174
1090	4.098155
1100	4.0978946
1110	4.0976362
1120	4.0973796
1130	4.0971251
1140	4.0968724
1150	4.0966218
1160	4.096373
1170	4.0961261
1180	4.0958811
1190	4.0956381
1200	4.0953969
1210	4.0951575
1220	4.0949201
1230	4.0946844
1240	4.0944506
1250	4.0942187
1260	4.0939886
1270	4.0937603
1280	4.0935338
1290	4.0933092
1300	4.0930863
1310	4.0928653
1320	4.092646
1330	4.0924284
1340	4.0922127
1350	4.0919987
1360	4.0917865
1370	4.0915761
1380	4.0913673
1390	4.0911603
1400	4.090955
1410	4.0907514
1420	4.0905496
1430	4.0903494
1440	4.090151
1450	4.0899542
1460	4.0897591
1470	4.0895657
1480	4.0893739
1490	4.0891839
1500	4.0889955
1510	4.0888087
1520	4.0886234
1530	4.08844
1540	4.0882581
1550	4.0880778
1560	4.0878992
1570	4.087722
1580	4.0875466
1590	4.0873727
1600	4.0872004
1610	4.0870297
1620	4.0868605
1630	4.0866929
1640	4.0865269
1650	4.0863623
1660	4.0861993
1670	4.0860379
1680	4.085878
1690	4.0857196
1700	4.0855626
1710	4.0854072
1720	4.0852532
1730	4.0851008
1740	4.0849498
1750	4.0848003
1760	4.0846522
1770	4.0845056
1780	4.0843604
1790	4.0842166
1800	4.0840743
1810	4.0839334
1820	4.0837939
1830	4.0836558
1840	4.083519
1850	4.0833836
1860	4.0832496
1870	4.083117
1880	4.0829857
1890	4.0828558
1900	4.0827272
1910	4.0825999
1920	4.082474
1930	4.0823493
1940	4.0822259
1950	4.0821039
1960	4.0819832
1970	4.0818636
1980	4.0817453
1990	4.0816283
2000	4.0815125
2010	4.081398
2020	4.0812847
2030	4.0811726
2040	4.0810617
2050	4.080952
2060	4.0808434
2070	4.080736
2080	4.0806299
2090	4.0805248
2100	4.0804209
2110	4.0803181
2120	4.0802165
2130	4.0801159
2140	4.0800165
2150	4.0799181
2160	4.0798208
2170	4.0797246
2180	4.0796295
2190	4.0795353
2200	4.0794423
2210	4.0793502
2220	4.0792592
2230	4.0791692
2240	4.0790801
2250	4.078992
2260	4.0789049
2270	4.0788188
2280	4.0787336
2290	4.0786494
2300	4.078566
2310	4.0784836
2320	4.0784021
2330	4.0783215
2340	4.0782418
2350	4.0781629
2360	4.0780849
2370	4.0780077
2380	4.0779314
2390	4.0778559
2400	4.0777812
2410	4.0777073
2420	4.0776341
2430	4.0775618
2440	4.0774902
2450	4.0774194
2460	4.0773493
2470	4.07728
2480	4.0772113
2490	4.0771434
2500	4.0770762
2510	4.0770096
2520	4.0769437
2530	4.0768784
2540	4.0768138
2550	4.0767499
2560	4.0766866
2570	4.0766238
2580	4.0765617
2590	4.0765001
2600	4.0764392
2610	4.0763787
2620	4.0763189
2630	4.0762595
2640	4.0762007
2650	4.0761424
2660	4.0760846
2670	4.0760273
2680	4.0759705
2690	4.0759141
2700	4.0758582
2710	4.0758027
2720	4.0757477
2730	4.0756931
2740	4.0756388
2750	4.075585
2760	4.0755316
2770	4.0754785
2780	4.0754257
2790	4.0753734
2800	4.0753213
2810	4.0752696
2820	4.0752182
2830	4.0751671
2840	4.0751163
2850	4.0750657
2860	4.0750154
2870	4.0749654
2880	4.0749156
2890	4.0748661
2900	4.0748167
2910	4.0747676
2920	4.0747186
2930	4.0746699
2940	4.0746213
2950	4.0745729
2960	4.0745246
2970	4.0744765
2980	4.0744285
2990	4.0743807
3000	4.0743329
3010	4.0742852
3020	4.0742377
3030	4.0741902
3040	4.0741427
3050	4.0740953
3060	4.074048
3070	4.0740007
3080	4.0739534
3090	4.0739061
3100	4.0738589
3110	4.0738116
3120	4.0737643
3130	4.073717
3140	4.0736697
3150	4.0736223
3160	4.0735748
3170	4.0735273
3180	4.0734797
3190	4.073432
3200	4.0733842
3210	4.0733363
3220	4.0732883
3230	4.0732401
3240	4.0731919
3250	4.0731435
3260	4.0730949
3270	4.0730462
3280	4.0729972
3290	4.0729481
3300	4.0728989
3310	4.0728494
3320	4.0727997
3330	4.0727498
3340	4.0726996
3350	4.0726493
3360	4.0725986
3370	4.0725478
3380	4.0724966
3390	4.0724452
3400	4.0723935
3410	4.0723415
3420	4.0722892
3430	4.0722366
3440	4.0721837
3450	4.0721305
3460	4.0720769
3470	4.072023
3480	4.0719688
3490	4.0719141
3500	4.0718592
3510	4.0718038
3520	4.0717481
3530	4.0716919
3540	4.0716354
3550	4.0715785
3560	4.0715211
3570	4.0714634
3580	4.0714052
3590	4.0713465
3600	4.0712874
3610	4.0712279
3620	4.0711679
3630	4.0711074
3640	4.0710465
3650	4.0709851
3660	4.0709231
3670	4.0708607
3680	4.0707978
3690	4.0707344
3700	4.0706704
3710	4.0706059
3720	4.0705409
3730	4.0704754
3740	4.0704093
3750	4.0703426
3760	4.0702754
3770	4.0702077
3780	4.0701393
3790	4.0700704
3800	4.0700008
3810	4.0699307
3820	4.0698601
3830	4.0697887
3840	4.0697168
3850	4.0696443
3860	4.0695711
3870	4.0694973
3880	4.0694229
3890	4.0693478
3900	4.0692721
3910	4.0691958
3920	4.0691188
3930	4.0690411
3940	4.0689627
3950	4.0688837
3960	4.068804
3970	4.0687237
3980	4.0686426
3990	4.0685608
4000	4.0684784
4010	4.0683953
4020	4.0683114
4030	4.0682268
4040	4.0681415
4050	4.0680555
4060	4.0679688
4070	4.0678814
4080	4.0677931
4090	4.0677042
4100	4.0676146
4110	4.0675242
4120	4.067433
4130	4.0673411
4140	4.0672484
4150	4.067155
4160	4.0670608
4170	4.0669659
4180	4.0668701
4190	4.0667737
4200	4.0666764
4210	4.0665783
4220	4.0664795
4230	4.0663799
4240	4.0662795
4250	4.0661783
4260	4.0660763
4270	4.0659735
4280	4.0658699
4290	4.0657655
4300	4.0656603
4310	4.0655543
4320	4.0654476
4330	4.0653399
4340	4.0652315
4350	4.0651222
4360	4.0650122
4370	4.0649013
4380	4.0647896
4390	4.0646771
4400	4.0645638
4410	4.0644496
4420	4.0643346
4430	4.0642188
4440	4.0641022
4450	4.0639847
4460	4.0638663
4470	4.0637472
4480	4.0636273
4490	4.0635065
4500	4.0633848
4510	4.0632623
4520	4.063139
4530	4.0630148
4540	4.0628898
4550	4.062764
4560	4.0626373
4570	4.0625098
4580	4.0623814
4590	4.0622522
4600	4.0621222
4610	4.0619914
4620	4.0618596
4630	4.061727
4640	4.0615937
4650	4.0614594
4660	4.0613243
4670	4.0611884
4680	4.0610516
4690	4.060914
4700	4.0607756
4710	4.0606363
4720	4.0604962
4730	4.0603552
4740	4.0602134
4750	4.0600707
4760	4.0599273
4770	4.059783
4780	4.0596378
4790	4.0594918
4800	4.059345
4810	4.0591974
4820	4.0590489
4830	4.0588996
4840	4.0587494
4850	4.0585985
4860	4.0584467
4870	4.0582941
4880	4.0581406
4890	4.0579864
4900	4.0578313
4910	4.0576754
4920	4.0575187
4930	4.0573612
4940	4.0572028
4950	4.0570436
4960	4.0568837
4970	4.0567229
4980	4.0565613
4990	4.0563989
5000	4.0562357
5010	4.0560717
5020	4.055907
5030	4.0557414
5040	4.055575
5050	4.0554078
5060	4.0552398
5070	4.0550711
5080	4.0549016
5090	4.0547312
5100	4.0545601
5110	4.0543883
5120	4.0542156
5130	4.0540422
5140	4.053868
5150	4.053693
5160	4.0535173
5170	4.0533408
5180	4.0531635
5190	4.0529855
5200	4.0528067
5210	4.0526272
5220	4.0524469
5230	4.0522659
5240	4.0520842
5250	4.0519016
5260	4.0517184
5270	4.0515344
5280	4.0513498
5290	4.0511643
5300	4.0509781
5310	4.0507912
5320	4.0506037
5330	4.0504154
5340	4.0502263
5350	4.0500366
5360	4.0498461
5370	4.049655
5380	4.0494631
5390	4.0492706
5400	4.0490773
5410	4.0488834
5420	4.0486888
5430	4.0484935
5440	4.0482975
5450	4.0481008
5460	4.0479035
5470	4.0477055
5480	4.0475069
5490	4.0473075
5500	4.0471075
5510	4.0469069
5520	4.0467056
5530	4.0465037
5540	4.0463011
5550	4.0460979
5560	4.045894
5570	4.0456895
5580	4.0454844
5590	4.0452787
5600	4.0450723
5610	4.0448653
5620	4.0446577
5630	4.0444495
5640	4.0442406
5650	4.0440312
5660	4.0438212
5670	4.0436106
5680	4.0433994
5690	4.0431876
5700	4.0429752
5710	4.0427622
5720	4.0425487
5730	4.0423345
5740	4.0421199
5750	4.0419046
5760	4.0416888
5770	4.0414724
5780	4.0412555
5790	4.0410381
5800	4.04082
5810	4.0406015
5820	4.0403824
5830	4.0401628
5840	4.0399426
5850	4.039722
5860	4.0395008
5870	4.039279
5880	4.0390568
5890	4.0388341
5900	4.0386108
5910	4.0383871
5920	4.0381629
5930	4.0379381
5940	4.0377129
5950	4.0374872
5960	4.037261
5970	4.0370343
5980	4.0368072
5990	4.0365796
6000	4.0363515
6010	4.036123
6020	4.035894
6030	4.0356646
6040	4.0354347
6050	4.0352044
6060	4.0349736
6070	4.0347424
6080	4.0345107
6090	4.0342787
6100	4.0340461
6110	4.0338132
6120	4.0335799
6130	4.0333462
6140	4.033112
6150	4.0328774
6160	4.0326425
6170	4.0324071
6180	4.0321714
6190	4.0319352
6200	4.0316987
6210	4.0314618
6220	4.0312245
6230	4.0309868
6240	4.0307488
6250	4.0305104
6260	4.0302717
6270	4.0300326
6280	4.0297931
6290	4.0295533
6300	4.0293131
6310	4.0290726
6320	4.0288318
6330	4.0285906
6340	4.0283491
6350	4.0281073
6360	4.0278651
6370	4.0276227
6380	4.0273799
6390	4.0271368
6400	4.0268934
6410	4.0266497
6420	4.0264057
6430	4.0261614
6440	4.0259168
6450	4.0256719
6460	4.0254267
6470	4.0251813
6480	4.0249355
6490	4.0246895
6500	4.0244433
6510	4.0241967
6520	4.0239499
6530	4.0237029
6540	4.0234556
6550	4.023208
6560	4.0229602
6570	4.0227121
6580	4.0224638
6590	4.0222153
6600	4.0219665
6610	4.0217175
6620	4.0214683
6630	4.0212189
6640	4.0209692
6650	4.0207193
6660	4.0204692
6670	4.0202189
6680	4.0199684
6690	4.0197177
6700	4.0194668
6710	4.0192157
6720	4.0189644
6730	4.0187129
6740	4.0184612
6750	4.0182093
6760	4.0179573
6770	4.0177051
6780	4.0174527
6790	4.0172001
6800	4.0169474
6810	4.0166945
6820	4.0164415
6830	4.0161883
6840	4.015935
6850	4.0156815
6860	4.0154278
6870	4.015174
6880	4.0149201
6890	4.014666
6900	4.0144118
6910	4.0141575
6920	4.013903
6930	4.0136484
6940	4.0133937
6950	4.0131389
6960	4.0128839
6970	4.0126289
6980	4.0123737
6990	4.0121184
7000	4.011863
7010	4.0116075
7020	4.0113519
7030	4.0110963
7040	4.0108405
7050	4.0105846
7060	4.0103287
7070	4.0100726
7080	4.0098165
7090	4.0095603
7100	4.009304
7110	4.0090477
7120	4.0087912
7130	4.0085347
7140	4.0082782
7150	4.0080216
7160	4.0077649
7170	4.0075081
7180	4.0072513
7190	4.0069945
7200	4.0067375
7210	4.0064806
7220	4.0062236
7230	4.0059665
7240	4.0057094
7250	4.0054523
7260	4.0051952
7270	4.004938
7280	4.0046807
7290	4.0044235
7300	4.0041662
7310	4.0039088
7320	4.0036515
7330	4.0033941
7340	4.0031368
7350	4.0028794
7360	4.002622
7370	4.0023645
7380	4.0021071
7390	4.0018496
7400	4.0015922
7410	4.0013347
7420	4.0010773
7430	4.0008198
7440	4.0005624
7450	4.0003049
7460	4.0000475
7470	3.99979
7480	3.9995326
7490	3.9992752
7500	3.9990178
7510	3.9987604
7520	3.998503
7530	3.9982457
7540	3.9979883
7550	3.997731
7560	3.9974737
7570	3.9972165
7580	3.9969592
7590	3.996702
7600	3.9964448
7610	3.9961877
7620	3.9959306
7630	3.9956735
7640	3.9954164
7650	3.9951594
7660	3.9949025
7670	3.9946456
7680	3.9943887
7690	3.9941318
7700	3.993875
7710	3.9936183
7720	3.9933616
7730	3.9931049
7740	3.9928483
7750	3.9925918
7760	3.9923353
7770	3.9920788
7780	3.9918224
7790	3.9915661
7800	3.9913098
7810	3.9910536
7820	3.9907975
7830	3.9905414
7840	3.9902853
7850	3.9900294
7860	3.9897735
7870	3.9895176
7880	3.9892618
7890	3.9890061
7900	3.9887505
7910	3.9884949
7920	3.9882394
7930	3.987984
7940	3.9877286
7950	3.9874733
7960	3.9872181
7970	3.986963
7980	3.9867079
7990	3.9864529
8000	3.986198
8010	3.9859432
8020	3.9856884
8030	3.9854337
8040	3.9851791
8050	3.9849246
8060	3.9846701
8070	3.9844158
8080	3.9841615
8090	3.9839073
8100	3.9836531
8110	3.9833991
8120	3.9831451
8130	3.9828913
8140	3.9826375
8150	3.9823838
8160	3.9821301
8170	3.9818766
8180	3.9816231
8190	3.9813698
8200	3.9811165
8210	3.9808633
8220	3.9806102
8230	3.9803572
8240	3.9801042
8250	3.9798514
8260	3.9795986
8270	3.9793459
8280	3.9790933
8290	3.9788408
8300	3.9785884
8310	3.9783361
8320	3.9780838
8330	3.9778316
8340	3.9775796
8350	3.9773276
8360	3.9770757
8370	3.9768239
8380	3.9765722
8390	3.9763205
8400	3.976069
8410	3.9758175
8420	3.9755661
8430	3.9753148
8440	3.9750636
8450	3.9748125
8460	3.9745615
8470	3.9743105
8480	3.9740597
8490	3.9738089
8500	3.9735582
8510	3.9733076
8520	3.9730571
8530	3.9728066
8540	3.9725563
8550	3.972306
8560	3.9720558
8570	3.9718057
8580	3.9715557
8590	3.9713058
8600	3.9710559
8610	3.9708061
8620	3.9705564
8630	3.9703068
8640	3.9700573
8650	3.9698078
8660	3.9695584
8670	3.9693091
8680	3.9690599
8690	3.9688108
8700	3.9685617
8710	3.9683127
8720	3.9680638
8730	3.9678149
8740	3.9675662
8750	3.9673175
8760	3.9670689
8770	3.9668203
8780	3.9665718
8790	3.9663234
8800	3.9660751
8810	3.9658268
8820	3.9655786
8830	3.9653305
8840	3.9650825
8850	3.9648345
8860	3.9645866
8870	3.9643387
8880	3.9640909
8890	3.9638432
8900	3.9635955
8910	3.9633479
8920	3.9631004
8930	3.9628529
8940	3.9626055
8950	3.9623582
8960	3.9621109
8970	3.9618637
8980	3.9616165
8990	3.9613694
9000	3.9611223
9010	3.9608753
9020	3.9606284
9030	3.9603815
9040	3.9601347
9050	3.9598879
9060	3.9596411
9070	3.9593945
9080	3.9591478
9090	3.9589013
9100	3.9586547
9110	3.9584083
9120	3.9581618
9130	3.9579155
9140	3.9576691
9150	3.9574228
9160	3.9571766
9170	3.9569304
9180	3.9566842
9190	3.9564381
9200	3.956192
9210	3.955946
9220	3.9557
9230	3.955454
9240	3.9552081
9250	3.9549622
9260	3.9547164
9270	3.9544706
9280	3.9542248
9290	3.953979
9300	3.9537333
9310	3.9534876
9320	3.953242
9330	3.9529964
9340	3.9527508
9350	3.9525052
9360	3.9522597
9370	3.9520142
9380	3.9517687
9390	3.9515232
9400	3.9512778
9410	3.9510323
9420	3.9507869
9430	3.9505416
9440	3.9502962
9450	3.9500509
9460	3.9498055
9470	3.9495602
9480	3.949315
9490	3.9490697
9500	3.9488244
9510	3.9485792
9520	3.9483339
9530	3.9480887
9540	3.9478435
9550	3.9475982
9560	3.947353
9570	3.9471078
9580	3.9468626
9590	3.9466174
9600	3.9463722
9610	3.946127
9620	3.9458818
9630	3.9456366
9640	3.9453914
9650	3.9451462
9660	3.944901
9670	3.9446558
9680	3.9444106
9690	3.9441654
9700	3.9439201
9710	3.9436749
9720	3.9434296
9730	3.9431843
9740	3.942939
9750	3.9426937
9760	3.9424484
9770	3.942203
9780	3.9419576
9790	3.9417122
9800	3.9414668
9810	3.9412213
9820	3.9409759
9830	3.9407304
9840	3.9404848
9850	3.9402392
9860	3.9399936
9870	3.939748
9880	3.9395023
9890	3.9392566
9900	3.9390109
9910	3.9387651
9920	3.9385192
9930	3.9382733
9940	3.9380274
9950	3.9377814
9960	3.9375354
9970	3.9372893
9980	3.9370431
9990	3.9367969
10000	3.9365506
10010	3.9363043
10020	3.9360579
10030	3.9358115
10040	3.935565
10050	3.9353184
10060	3.9350717
10070	3.934825
10080	3.9345782
10090	3.9343313
10100	3.9340843
10110	3.9338373
10120	3.9335901
10130	3.9333429
10140	3.9330956
10150	3.9328482
10160	3.9326007
10170	3.9323531
10180	3.9321054
10190	3.9318576
10200	3.9316097
10210	3.9313617
10220	3.9311135
10230	3.9308653
10240	3.930617
10250	3.9303685
10260	3.9301199
10270	3.9298712
10280	3.9296223
10290	3.9293734
10300	3.9291243
10310	3.928875
10320	3.9286256
10330	3.9283761
10340	3.9281264
10350	3.9278766
10360	3.9276267
10370	3.9273765
10380	3.9271262
10390	3.9268758
10400	3.9266252
10410	3.9263744
10420	3.9261235
10430	3.9258723
10440	3.925621
10450	3.9253695
10460	3.9251179
10470	3.924866
10480	3.9246139
10490	3.9243617
10500	3.9241092
10510	3.9238565
10520	3.9236037
10530	3.9233506
10540	3.9230973
10550	3.9228437
10560	3.92259
10570	3.922336
10580	3.9220818
10590	3.9218273
10600	3.9215726
10610	3.9213176
10620	3.9210624
10630	3.9208069
10640	3.9205512
10650	3.9202952
10660	3.920039
10670	3.9197824
10680	3.9195256
10690	3.9192685
10700	3.9190111
10710	3.9187534
10720	3.9184954
10730	3.9182371
10740	3.9179785
10750	3.9177196
10760	3.9174603
10770	3.9172008
10780	3.9169409
10790	3.9166806
10800	3.9164201
10810	3.9161591
10820	3.9158979
10830	3.9156362
10840	3.9153742
10850	3.9151119
10860	3.9148491
10870	3.914586
10880	3.9143225
10890	3.9140586
10900	3.9137943
10910	3.9135296
10920	3.9132645
10930	3.912999
10940	3.9127331
10950	3.9124667
10960	3.9121999
10970	3.9119327
10980	3.911665
10990	3.9113969
11000	3.9111283
11010	3.9108593
11020	3.9105898
11030	3.9103198
11040	3.9100494
11050	3.9097784
11060	3.909507
11070	3.909235
11080	3.9089626
11090	3.9086897
11100	3.9084162
11110	3.9081422
11120	3.9078677
11130	3.9075927
11140	3.9073171
11150	3.907041
11160	3.9067644
11170	3.9064871
11180	3.9062094
11190	3.905931
11200	3.9056521
11210	3.9053726
11220	3.9050925
11230	3.9048119
11240	3.9045306
11250	3.9042488
11260	3.9039663
11270	3.9036832
11280	3.9033996
11290	3.9031153
11300	3.9028304
11310	3.9025448
11320	3.9022586
11330	3.9019718
11340	3.9016844
11350	3.9013963
11360	3.9011076
11370	3.9008182
11380	3.9005282
11390	3.9002375
11400	3.8999461
11410	3.8996541
11420	3.8993614
11430	3.8990681
11440	3.8987741
11450	3.8984794
11460	3.8981841
11470	3.897888
11480	3.8975913
11490	3.8972939
11500	3.8969959
11510	3.8966971
11520	3.8963977
11530	3.8960976
11540	3.8957968
11550	3.8954954
11560	3.8951932
11570	3.8948904
11580	3.8945869
11590	3.8942828
11600	3.8939779
11610	3.8936724
11620	3.8933663
11630	3.8930594
11640	3.8927519
11650	3.8924438
11660	3.892135
11670	3.8918255
11680	3.8915154
11690	3.8912047
11700	3.8908933
11710	3.8905813
11720	3.8902687
11730	3.8899554
11740	3.8896415
11750	3.8893271
11760	3.889012
11770	3.8886964
11780	3.8883801
11790	3.8880633
11800	3.8877459
11810	3.887428
11820	3.8871095
11830	3.8867905
11840	3.8864709
11850	3.8861509
11860	3.8858303
11870	3.8855092
11880	3.8851877
11890	3.8848656
11900	3.8845431
11910	3.8842201
11920	3.8838967
11930	3.8835729
11940	3.8832487
11950	3.882924
11960	3.882599
11970	3.8822736
11980	3.8819478
11990	3.8816217
12000	3.8812952
12010	3.8809684
12020	3.8806413
12030	3.880314
12040	3.8799863
12050	3.8796584
12060	3.8793302
12070	3.8790018
12080	3.8786732
12090	3.8783443
12100	3.8780153
12110	3.8776861
12120	3.8773568
12130	3.8770273
12140	3.8766977
12150	3.876368
12160	3.8760382
12170	3.8757083
12180	3.8753784
12190	3.8750484
12200	3.8747184
12210	3.8743884
12220	3.8740584
12230	3.8737284
12240	3.8733984
12250	3.8730685
12260	3.8727387
12270	3.8724089
12280	3.8720793
12290	3.8717497
12300	3.8714203
12310	3.8710911
12320	3.870762
12330	3.8704331
12340	3.8701043
12350	3.8697758
12360	3.8694476
12370	3.8691195
12380	3.8687917
12390	3.8684642
12400	3.868137
12410	3.86781
12420	3.8674834
12430	3.8671571
12440	3.8668312
12450	3.8665056
12460	3.8661803
12470	3.8658555
12480	3.865531
12490	3.865207
12500	3.8648834
12510	3.8645602
12520	3.8642374
12530	3.8639151
12540	3.8635933
12550	3.8632719
12560	3.8629511
12570	3.8626307
12580	3.8623109
12590	3.8619916
12600	3.8616728
12610	3.8613546
12620	3.8610369
12630	3.8607198
12640	3.8604033
12650	3.8600873
12660	3.8597719
12670	3.8594572
12680	3.859143
12690	3.8588295
12700	3.8585166
12710	3.8582043
12720	3.8578927
12730	3.8575817
12740	3.8572713
12750	3.8569617
12760	3.8566527
12770	3.8563443
12780	3.8560367
12790	3.8557297
12800	3.8554234
12810	3.8551179
12820	3.854813
12830	3.8545088
12840	3.8542053
12850	3.8539026
12860	3.8536005
12870	3.8532992
12880	3.8529987
12890	3.8526988
12900	3.8523997
12910	3.8521013
12920	3.8518036
12930	3.8515067
12940	3.8512105
12950	3.8509151
12960	3.8506204
12970	3.8503264
12980	3.8500332
12990	3.8497407
13000	3.849449
13010	3.8491581
13020	3.8488678
13030	3.8485784
13040	3.8482897
13050	3.8480017
13060	3.8477145
13070	3.847428
13080	3.8471423
13090	3.8468573
13100	3.846573
13110	3.8462895
13120	3.8460068
13130	3.8457247
13140	3.8454435
13150	3.8451629
13160	3.8448831
13170	3.844604
13180	3.8443256
13190	3.844048
13200	3.8437711
13210	3.8434949
13220	3.8432194
13230	3.8429447
13240	3.8426706
13250	3.8423973
13260	3.8421246
13270	3.8418527
13280	3.8415814
13290	3.8413109
13300	3.841041
13310	3.8407718
13320	3.8405033
13330	3.8402355
13340	3.8399683
13350	3.8397018
13360	3.8394359
13370	3.8391708
13380	3.8389062
13390	3.8386423
13400	3.8383791
13410	3.8381165
13420	3.8378545
13430	3.8375931
13440	3.8373324
13450	3.8370723
13460	3.8368128
13470	3.8365538
13480	3.8362955
13490	3.8360378
13500	3.8357807
13510	3.8355241
13520	3.8352682
13530	3.8350128
13540	3.8347579
13550	3.8345036
13560	3.8342499
13570	3.8339967
13580	3.8337441
13590	3.833492
13600	3.8332404
13610	3.8329893
13620	3.8327388
13630	3.8324888
13640	3.8322393
13650	3.8319902
13660	3.8317417
13670	3.8314936
13680	3.8312461
13690	3.830999
13700	3.8307524
13710	3.8305062
13720	3.8302605
13730	3.8300152
13740	3.8297704
13750	3.829526
13760	3.8292821
13770	3.8290385
13780	3.8287954
13790	3.8285527
13800	3.8283104
13810	3.8280685
13820	3.827827
13830	3.8275859
13840	3.8273452
13850	3.8271049
13860	3.8268649
13870	3.8266252
13880	3.826386
13890	3.8261471
13900	3.8259085
13910	3.8256703
13920	3.8254324
13930	3.8251948
13940	3.8249576
13950	3.8247206
13960	3.824484
13970	3.8242477
13980	3.8240117
13990	3.8237759
14000	3.8235405
14010	3.8233053
14020	3.8230704
14030	3.8228358
14040	3.8226015
14050	3.8223674
14060	3.8221335
14070	3.8218999
14080	3.8216666
14090	3.8214335
14100	3.8212006
14110	3.8209679
14120	3.8207355
14130	3.8205033
14140	3.8202712
14150	3.8200394
14160	3.8198078
14170	3.8195764
14180	3.8193452
14190	3.8191141
14200	3.8188832
14210	3.8186525
14220	3.818422
14230	3.8181916
14240	3.8179614
14250	3.8177314
14260	3.8175014
14270	3.8172717
14280	3.8170421
14290	3.8168126
14300	3.8165832
14310	3.816354
14320	3.8161248
14330	3.8158958
14340	3.815667
14350	3.8154382
14360	3.8152095
14370	3.8149809
14380	3.8147524
14390	3.814524
14400	3.8142957
14410	3.8140674
14420	3.8138393
14430	3.8136112
14440	3.8133832
14450	3.8131552
14460	3.8129273
14470	3.8126995
14480	3.8124717
14490	3.8122439
14500	3.8120162
14510	3.8117886
14520	3.8115609
14530	3.8113333
14540	3.8111058
14550	3.8108782
14560	3.8106507
14570	3.8104232
14580	3.8101957
14590	3.8099682
14600	3.8097407
14610	3.8095133
14620	3.8092858
14630	3.8090583
14640	3.8088308
14650	3.8086034
14660	3.8083758
14670	3.8081483
14680	3.8079208
14690	3.8076932
14700	3.8074656
14710	3.807238
14720	3.8070103
14730	3.8067826
14740	3.8065549
14750	3.8063271
14760	3.8060993
14770	3.8058714
14780	3.8056435
14790	3.8054155
14800	3.8051875
14810	3.8049594
14820	3.8047313
14830	3.804503
14840	3.8042748
14850	3.8040464
14860	3.803818
14870	3.8035895
14880	3.8033609
14890	3.8031322
14900	3.8029035
14910	3.8026747
14920	3.8024457
14930	3.8022167
14940	3.8019876
14950	3.8017584
14960	3.8015291
14970	3.8012998
14980	3.8010703
14990	3.8008407
15000	3.800611
15010	3.8003811
15020	3.8001512
15030	3.7999212
15040	3.799691
15050	3.7994608
15060	3.7992304
15070	3.7989999
15080	3.7987693
15090	3.7985385
15100	3.7983077
15110	3.7980767
15120	3.7978455
15130	3.7976143
15140	3.7973829
15150	3.7971514
15160	3.7969197
15170	3.7966879
15180	3.796456
15190	3.7962239
15200	3.7959917
15210	3.7957593
15220	3.7955268
15230	3.7952941
15240	3.7950613
15250	3.7948283
15260	3.7945952
15270	3.794362
15280	3.7941286
15290	3.793895
15300	3.7936613
15310	3.7934274
15320	3.7931933
15330	3.7929591
15340	3.7927248
15350	3.7924902
15360	3.7922555
15370	3.7920207
15380	3.7917857
15390	3.7915505
15400	3.7913151
15410	3.7910796
15420	3.7908439
15430	3.790608
15440	3.790372
15450	3.7901358
15460	3.7898994
15470	3.7896628
15480	3.7894261
15490	3.7891892
15500	3.7889521
15510	3.7887148
15520	3.7884774
15530	3.7882397
15540	3.7880019
15550	3.787764
15560	3.7875258
15570	3.7872874
15580	3.7870489
15590	3.7868102
15600	3.7865713
15610	3.7863322
15620	3.786093
15630	3.7858535
15640	3.7856139
15650	3.7853741
15660	3.7851341
15670	3.7848939
15680	3.7846535
15690	3.784413
15700	3.7841722
15710	3.7839313
15720	3.7836902
15730	3.7834488
15740	3.7832073
15750	3.7829657
15760	3.7827238
15770	3.7824817
15780	3.7822395
15790	3.781997
15800	3.7817544
15810	3.7815116
15820	3.7812686
15830	3.7810254
15840	3.780782
15850	3.7805384
15860	3.7802947
15870	3.7800507
15880	3.7798066
15890	3.7795622
15900	3.7793177
15910	3.779073
15920	3.7788281
15930	3.778583
15940	3.7783378
15950	3.7780923
15960	3.7778467
15970	3.7776008
15980	3.7773548
15990	3.7771086
16000	3.7768622
16010	3.7766156
16020	3.7763689
16030	3.7761219
16040	3.7758748
16050	3.7756275
16060	3.77538
16070	3.7751323
16080	3.7748845
16090	3.7746364
16100	3.7743882
16110	3.7741398
16120	3.7738912
16130	3.7736424
16140	3.7733935
16150	3.7731444
16160	3.772895
16170	3.7726456
16180	3.7723959
16190	3.7721461
16200	3.7718961
16210	3.7716459
16220	3.7713955
16230	3.771145
16240	3.7708943
16250	3.7706434
16260	3.7703924
16270	3.7701412
16280	3.7698898
16290	3.7696382
16300	3.7693865
16310	3.7691346
16320	3.7688826
16330	3.7686304
16340	3.768378
16350	3.7681255
16360	3.7678728
16370	3.7676199
16380	3.7673669
16390	3.7671137
16400	3.7668604
16410	3.7666069
16420	3.7663532
16430	3.7660994
16440	3.7658455
16450	3.7655914
16460	3.7653371
16470	3.7650827
16480	3.7648282
16490	3.7645735
16500	3.7643186
16510	3.7640636
16520	3.7638085
16530	3.7635532
16540	3.7632978
16550	3.7630423
16560	3.7627866
16570	3.7625307
16580	3.7622748
16590	3.7620187
16600	3.7617624
16610	3.7615061
16620	3.7612496
16630	3.760993
16640	3.7607362
16650	3.7604793
16660	3.7602223
16670	3.7599652
16680	3.7597079
16690	3.7594506
16700	3.7591931
16710	3.7589355
16720	3.7586778
16730	3.7584199
16740	3.758162
16750	3.7579039
16760	3.7576458
16770	3.7573875
16780	3.7571291
16790	3.7568706
16800	3.756612
16810	3.7563533
16820	3.7560946
16830	3.7558357
16840	3.7555767
16850	3.7553176
16860	3.7550584
16870	3.7547992
16880	3.7545398
16890	3.7542804
16900	3.7540208
16910	3.7537612
16920	3.7535015
16930	3.7532417
16940	3.7529819
16950	3.7527219
16960	3.7524619
16970	3.7522018
16980	3.7519416
16990	3.7516814
17000	3.7514211
17010	3.7511607
17020	3.7509003
17030	3.7506398
17040	3.7503792
17050	3.7501186
17060	3.7498579
17070	3.7495971
17080	3.7493364
17090	3.7490755
17100	3.7488146
17110	3.7485536
17120	3.7482927
17130	3.7480316
17140	3.7477705
17150	3.7475094
17160	3.7472482
17170	3.746987
17180	3.7467258
17190	3.7464645
17200	3.7462032
17210	3.7459418
17220	3.7456805
17230	3.7454191
17240	3.7451576
17250	3.7448962
17260	3.7446347
17270	3.7443732
17280	3.7441117
17290	3.7438502
17300	3.7435887
17310	3.7433272
17320	3.7430656
17330	3.742804
17340	3.7425425
17350	3.7422809
17360	3.7420193
17370	3.7417578
17380	3.7414962
17390	3.7412346
17400	3.7409731
17410	3.7407115
17420	3.74045
17430	3.7401885
17440	3.739927
17450	3.7396655
17460	3.739404
17470	3.7391425
17480	3.7388811
17490	3.7386197
17500	3.7383583
17510	3.7380969
17520	3.7378356
17530	3.7375743
17540	3.737313
17550	3.7370518
17560	3.7367906
17570	3.7365295
17580	3.7362683
17590	3.7360073
17600	3.7357463
17610	3.7354853
17620	3.7352244
17630	3.7349635
17640	3.7347027
17650	3.7344419
17660	3.7341812
17670	3.7339205
17680	3.7336599
17690	3.7333994
17700	3.733139
17710	3.7328786
17720	3.7326182
17730	3.732358
17740	3.7320978
17750	3.7318377
17760	3.7315776
17770	3.7313177
17780	3.7310578
17790	3.730798
17800	3.7305383
17810	3.7302787
17820	3.7300191
17830	3.7297597
17840	3.7295003
17850	3.7292411
17860	3.7289819
17870	3.7287228
17880	3.7284638
17890	3.728205
17900	3.7279462
17910	3.7276875
17920	3.7274289
17930	3.7271705
17940	3.7269121
17950	3.7266539
17960	3.7263958
17970	3.7261377
17980	3.7258798
17990	3.7256221
18000	3.7253644
18010	3.7251069
18020	3.7248495
18030	3.7245922
18040	3.724335
18050	3.724078
18060	3.7238211
18070	3.7235643
18080	3.7233076
18090	3.7230511
18100	3.7227948
18110	3.7225385
18120	3.7222824
18130	3.7220265
18140	3.7217707
18150	3.721515
18160	3.7212595
18170	3.7210041
18180	3.7207489
18190	3.7204938
18200	3.7202389
18210	3.7199841
18220	3.7197295
18230	3.7194751
18240	3.7192208
18250	3.7189666
18260	3.7187127
18270	3.7184589
18280	3.7182052
18290	3.7179517
18300	3.7176984
18310	3.7174453
18320	3.7171923
18330	3.7169395
18340	3.7166869
18350	3.7164344
18360	3.7161821
18370	3.71593
18380	3.7156781
18390	3.7154263
18400	3.7151748
18410	3.7149234
18420	3.7146722
18430	3.7144212
18440	3.7141703
18450	3.7139197
18460	3.7136693
18470	3.713419
18480	3.7131689
18490	3.712919
18500	3.7126693
18510	3.7124198
18520	3.7121706
18530	3.7119214
18540	3.7116725
18550	3.7114238
18560	3.7111753
18570	3.710927
18580	3.7106789
18590	3.710431
18600	3.7101833
18610	3.7099359
18620	3.7096886
18630	3.7094415
18640	3.7091946
18650	3.708948
18660	3.7087015
18670	3.7084553
18680	3.7082093
18690	3.7079635
18700	3.7077179
18710	3.7074725
18720	3.7072274
18730	3.7069824
18740	3.7067377
18750	3.7064932
18760	3.7062489
18770	3.7060048
18780	3.705761
18790	3.7055174
18800	3.705274
18810	3.7050308
18820	3.7047878
18830	3.7045451
18840	3.7043026
18850	3.7040603
18860	3.7038183
18870	3.7035765
18880	3.7033349
18890	3.7030935
18900	3.7028524
18910	3.7026115
18920	3.7023708
18930	3.7021304
18940	3.7018902
18950	3.7016502
18960	3.7014105
18970	3.7011709
18980	3.7009317
18990	3.7006926
19000	3.7004538
19010	3.7002153
19020	3.6999769
19030	3.6997388
19040	3.699501
19050	3.6992634
19060	3.699026
19070	3.6987889
19080	3.698552
19090	3.6983153
19100	3.6980789
19110	3.6978427
19120	3.6976068
19130	3.6973711
19140	3.6971356
19150	3.6969004
19160	3.6966654
19170	3.6964307
19180	3.6961962
19190	3.695962
19200	3.695728
19210	3.6954942
19220	3.6952607
19230	3.6950274
19240	3.6947944
19250	3.6945616
19260	3.6943291
19270	3.6940968
19280	3.6938647
19290	3.6936329
19300	3.6934013
19310	3.69317
19320	3.6929389
19330	3.6927081
19340	3.6924775
19350	3.6922472
19360	3.6920171
19370	3.6917872
19380	3.6915576
19390	3.6913282
19400	3.6910991
19410	3.6908702
19420	3.6906416
19430	3.6904132
19440	3.6901851
19450	3.6899572
19460	3.6897295
19470	3.6895021
19480	3.689275
19490	3.689048
19500	3.6888214
19510	3.6885949
19520	3.6883687
19530	3.6881428
19540	3.6879171
19550	3.6876916
19560	3.6874664
19570	3.6872414
19580	3.6870167
19590	3.6867922
19600	3.6865679
19610	3.6863439
19620	3.6861201
19630	3.6858966
19640	3.6856733
19650	3.6854502
19660	3.6852274
19670	3.6850049
19680	3.6847825
19690	3.6845604
19700	3.6843386
19710	3.6841169
19720	3.6838956
19730	3.6836744
19740	3.6834535
19750	3.6832328
19760	3.6830124
19770	3.6827922
19780	3.6825722
19790	3.6823525
19800	3.6821329
19810	3.6819137
19820	3.6816946
19830	3.6814758
19840	3.6812573
19850	3.6810389
19860	3.6808208
19870	3.6806029
19880	3.6803853
19890	3.6801678
19900	3.6799506
19910	3.6797336
19920	3.6795169
19930	3.6793004
19940	3.6790841
19950	3.678868
19960	3.6786522
19970	3.6784365
19980	3.6782211
19990	3.678006
20000	3.677791
20010	3.6775763
20020	3.6773618
20030	3.6771475
20040	3.6769334
20050	3.6767195
20060	3.6765059
20070	3.6762925
20080	3.6760792
20090	3.6758662
20100	3.6756534
20110	3.6754409
20120	3.6752285
20130	3.6750164
20140	3.6748044
20150	3.6745927
20160	3.6743812
20170	3.6741699
20180	3.6739588
20190	3.6737479
20200	3.6735372
20210	3.6733267
20220	3.6731165
20230	3.6729064
20240	3.6726965
20250	3.6724868
20260	3.6722774
20270	3.6720681
20280	3.671859
20290	3.6716501
20300	3.6714415
20310	3.671233
20320	3.6710247
20330	3.6708166
20340	3.6706087
20350	3.670401
20360	3.6701935
20370	3.6699862
20380	3.669779
20390	3.6695721
20400	3.6693653
20410	3.6691587
20420	3.6689524
20430	3.6687461
20440	3.6685401
20450	3.6683343
20460	3.6681286
20470	3.6679231
20480	3.6677178
20490	3.6675127
20500	3.6673078
20510	3.667103
20520	3.6668984
20530	3.666694
20540	3.6664898
20550	3.6662857
20560	3.6660818
20570	3.665878
20580	3.6656745
20590	3.6654711
20600	3.6652678
20610	3.6650648
20620	3.6648619
20630	3.6646591
20640	3.6644566
20650	3.6642541
20660	3.6640519
20670	3.6638498
20680	3.6636478
20690	3.663446
20700	3.6632444
20710	3.6630429
20720	3.6628416
20730	3.6626404
20740	3.6624394
20750	3.6622385
20760	3.6620378
20770	3.6618372
20780	3.6616368
20790	3.6614365
20800	3.6612364
20810	3.6610363
20820	3.6608365
20830	3.6606368
20840	3.6604372
20850	3.6602377
20860	3.6600384
20870	3.6598392
20880	3.6596402
20890	3.6594413
20900	3.6592425
20910	3.6590438
20920	3.6588453
20930	3.6586469
20940	3.6584486
20950	3.6582505
20960	3.6580525
20970	3.6578546
20980	3.6576568
20990	3.6574591
21000	3.6572616
21010	3.6570642
21020	3.6568669
21030	3.6566697
21040	3.6564726
21050	3.6562756
21060	3.6560788
21070	3.655882
21080	3.6556854
21090	3.6554888
21100	3.6552924
21110	3.6550961
21120	3.6548999
21130	3.6547037
21140	3.6545077
21150	3.6543118
21160	3.654116
21170	3.6539203
21180	3.6537246
21190	3.6535291
21200	3.6533336
21210	3.6531383
21220	3.652943
21230	3.6527478
21240	3.6525528
21250	3.6523577
21260	3.6521628
21270	3.651968
21280	3.6517732
21290	3.6515786
21300	3.651384
21310	3.6511894
21320	3.650995
21330	3.6508006
21340	3.6506063
21350	3.6504121
21360	3.6502179
21370	3.6500239
21380	3.6498299
21390	3.6496359
21400	3.649442
21410	3.6492482
21420	3.6490544
21430	3.6488607
21440	3.6486671
21450	3.6484735
21460	3.64828
21470	3.6480865
21480	3.6478931
21490	3.6476997
21500	3.6475064
21510	3.6473132
21520	3.6471199
21530	3.6469268
21540	3.6467336
21550	3.6465406
21560	3.6463475
21570	3.6461545
21580	3.6459616
21590	3.6457686
21600	3.6455758
21610	3.6453829
21620	3.6451901
21630	3.6449973
21640	3.6448046
21650	3.6446118
21660	3.6444191
21670	3.6442265
21680	3.6440338
21690	3.6438412
21700	3.6436486
21710	3.643456
21720	3.6432635
21730	3.6430709
21740	3.6428784
21750	3.6426859
21760	3.6424934
21770	3.6423009
21780	3.6421084
21790	3.6419159
21800	3.6417235
21810	3.641531
21820	3.6413386
21830	3.6411461
21840	3.6409537
21850	3.6407612
21860	3.6405687
21870	3.6403763
21880	3.6401838
21890	3.6399914
21900	3.6397989
21910	3.6396064
21920	3.6394139
21930	3.6392214
21940	3.6390288
21950	3.6388363
21960	3.6386437
21970	3.6384511
21980	3.6382585
21990	3.6380659
22000	3.6378733
22010	3.6376806
22020	3.6374879
22030	3.6372952
22040	3.6371024
22050	3.6369096
22060	3.6367168
22070	3.6365239
22080	3.636331
22090	3.6361381
22100	3.6359451
22110	3.6357521
22120	3.635559
22130	3.6353659
22140	3.6351728
22150	3.6349796
22160	3.6347863
22170	3.634593
22180	3.6343997
22190	3.6342063
22200	3.6340128
22210	3.6338193
22220	3.6336257
22230	3.6334321
22240	3.6332384
22250	3.6330446
22260	3.6328507
22270	3.6326568
22280	3.6324629
22290	3.6322688
22300	3.6320747
22310	3.6318805
22320	3.6316863
22330	3.6314919
22340	3.6312975
22350	3.631103
22360	3.6309084
22370	3.6307137
22380	3.630519
22390	3.6303241
22400	3.6301292
22410	3.6299342
22420	3.629739
22430	3.6295438
22440	3.6293485
22450	3.6291531
22460	3.6289576
22470	3.628762
22480	3.6285663
22490	3.6283705
22500	3.6281745
22510	3.6279785
22520	3.6277823
22530	3.6275861
22540	3.6273897
22550	3.6271932
22560	3.6269966
22570	3.6267999
22580	3.6266031
22590	3.6264061
22600	3.626209
22610	3.6260118
22620	3.6258144
22630	3.625617
22640	3.6254193
22650	3.6252216
22660	3.6250237
22670	3.6248257
22680	3.6246276
22690	3.6244293
22700	3.6242308
22710	3.6240322
22720	3.6238335
22730	3.6236346
22740	3.6234356
22750	3.6232364
22760	3.6230371
22770	3.6228376
22780	3.622638
22790	3.6224382
22800	3.6222382
22810	3.6220381
22820	3.6218378
22830	3.6216373
22840	3.6214367
22850	3.6212359
22860	3.6210349
22870	3.6208338
22880	3.6206325
22890	3.620431
22900	3.6202293
22910	3.6200274
22920	3.6198254
22930	3.6196232
22940	3.6194208
22950	3.6192182
22960	3.6190154
22970	3.6188124
22980	3.6186092
22990	3.6184058
23000	3.6182023
23010	3.6179985
23020	3.6177945
23030	3.6175903
23040	3.6173859
23050	3.6171814
23060	3.6169765
23070	3.6167715
23080	3.6165663
23090	3.6163609
23100	3.6161552
23110	3.6159493
23120	3.6157432
23130	3.6155369
23140	3.6153304
23150	3.6151236
23160	3.6149166
23170	3.6147093
23180	3.6145019
23190	3.6142942
23200	3.6140862
23210	3.6138781
23220	3.6136696
23230	3.613461
23240	3.6132521
23250	3.6130429
23260	3.6128335
23270	3.6126239
23280	3.612414
23290	3.6122039
23300	3.6119935
23310	3.6117828
23320	3.6115719
23330	3.6113607
23340	3.6111493
23350	3.6109376
23360	3.6107256
23370	3.6105134
23380	3.6103008
23390	3.6100881
23400	3.609875
23410	3.6096617
23420	3.6094481
23430	3.6092342
23440	3.60902
23450	3.6088056
23460	3.6085908
23470	3.6083758
23480	3.6081605
23490	3.6079449
23500	3.607729
23510	3.6075128
23520	3.6072964
23530	3.6070796
23540	3.6068625
23550	3.6066451
23560	3.6064275
23570	3.6062095
23580	3.6059912
23590	3.6057726
23600	3.6055537
23610	3.6053345
23620	3.6051149
23630	3.6048951
23640	3.6046749
23650	3.6044545
23660	3.6042337
23670	3.6040126
23680	3.6037911
23690	3.6035694
23700	3.6033473
23710	3.6031248
23720	3.6029021
23730	3.602679
23740	3.6024556
23750	3.6022319
23760	3.6020078
23770	3.6017834
23780	3.6015586
23790	3.6013335
23800	3.6011081
23810	3.6008823
23820	3.6006562
23830	3.6004297
23840	3.6002029
23850	3.5999758
23860	3.5997482
23870	3.5995204
23880	3.5992922
23890	3.5990636
23900	3.5988347
23910	3.5986054
23920	3.5983757
23930	3.5981457
23940	3.5979154
23950	3.5976846
23960	3.5974535
23970	3.5972221
23980	3.5969903
23990	3.5967581
24000	3.5965255
24010	3.5962926
24020	3.5960593
24030	3.5958256
24040	3.5955916
24050	3.5953572
24060	3.5951224
24070	3.5948872
24080	3.5946517
24090	3.5944158
24100	3.5941795
24110	3.5939428
24120	3.5937057
24130	3.5934683
24140	3.5932305
24150	3.5929922
24160	3.5927536
24170	3.5925147
24180	3.5922753
24190	3.5920355
24200	3.5917954
24210	3.5915549
24220	3.591314
24230	3.5910726
24240	3.5908309
24250	3.5905889
24260	3.5903464
24270	3.5901035
24280	3.5898602
24290	3.5896166
24300	3.5893725
24310	3.5891281
24320	3.5888832
24330	3.588638
24340	3.5883923
24350	3.5881463
24360	3.5878999
24370	3.5876531
24380	3.5874058
24390	3.5871582
24400	3.5869102
24410	3.5866618
24420	3.586413
24430	3.5861637
24440	3.5859141
24450	3.5856641
24460	3.5854137
24470	3.5851629
24480	3.5849117
24490	3.5846601
24500	3.5844081
24510	3.5841557
24520	3.5839029
24530	3.5836497
24540	3.5833961
24550	3.5831421
24560	3.5828877
24570	3.5826329
24580	3.5823777
24590	3.5821221
24600	3.5818662
24610	3.5816098
24620	3.581353
24630	3.5810958
24640	3.5808383
24650	3.5805803
24660	3.580322
24670	3.5800632
24680	3.5798041
24690	3.5795446
24700	3.5792846
24710	3.5790243
24720	3.5787636
24730	3.5785025
24740	3.5782411
24750	3.5779792
24760	3.5777169
24770	3.5774543
24780	3.5771913
24790	3.5769279
24800	3.5766641
24810	3.5763999
24820	3.5761353
24830	3.5758704
24840	3.5756051
24850	3.5753394
24860	3.5750733
24870	3.5748069
24880	3.5745401
24890	3.5742729
24900	3.5740053
24910	3.5737374
24920	3.5734691
24930	3.5732004
24940	3.5729314
24950	3.572662
24960	3.5723922
24970	3.5721221
24980	3.5718516
24990	3.5715808
25000	3.5713096
25010	3.5710381
25020	3.5707662
25030	3.5704939
25040	3.5702213
25050	3.5699483
25060	3.569675
25070	3.5694014
25080	3.5691274
25090	3.5688531
25100	3.5685784
25110	3.5683034
25120	3.5680281
25130	3.5677524
25140	3.5674764
25150	3.5672001
25160	3.5669234
25170	3.5666465
25180	3.5663692
25190	3.5660915
25200	3.5658136
25210	3.5655354
25220	3.5652568
25230	3.5649779
25240	3.5646987
25250	3.5644193
25260	3.5641395
25270	3.5638594
25280	3.563579
25290	3.5632983
25300	3.5630173
25310	3.5627361
25320	3.5624545
25330	3.5621727
25340	3.5618905
25350	3.5616081
25360	3.5613255
25370	3.5610425
25380	3.5607593
25390	3.5604758
25400	3.560192
25410	3.559908
25420	3.5596237
25430	3.5593392
25440	3.5590544
25450	3.5587694
25460	3.5584841
25470	3.5581985
25480	3.5579127
25490	3.5576267
25500	3.5573405
25510	3.557054
25520	3.5567673
25530	3.5564803
25540	3.5561931
25550	3.5559057
25560	3.5556181
25570	3.5553303
25580	3.5550423
25590	3.554754
25600	3.5544656
25610	3.5541769
25620	3.5538881
25630	3.5535991
25640	3.5533098
25650	3.5530204
25660	3.5527308
25670	3.552441
25680	3.5521511
25690	3.551861
25700	3.5515707
25710	3.5512802
25720	3.5509896
25730	3.5506988
25740	3.5504078
25750	3.5501167
25760	3.5498255
25770	3.5495341
25780	3.5492426
25790	3.5489509
25800	3.5486591
25810	3.5483672
25820	3.5480751
25830	3.5477829
25840	3.5474906
25850	3.5471982
25860	3.5469056
25870	3.546613
25880	3.5463203
25890	3.5460274
25900	3.5457345
25910	3.5454414
25920	3.5451483
25930	3.5448551
25940	3.5445618
25950	3.5442684
25960	3.543975
25970	3.5436815
25980	3.5433879
25990	3.5430942
26000	3.5428005
26010	3.5425068
26020	3.542213
26030	3.5419191
26040	3.5416252
26050	3.5413313
26060	3.5410373
26070	3.5407433
26080	3.5404492
26090	3.5401552
26100	3.5398611
26110	3.539567
26120	3.5392729
26130	3.5389788
26140	3.5386846
26150	3.5383905
26160	3.5380964
26170	3.5378023
26180	3.5375082
26190	3.5372141
26200	3.53692
26210	3.5366259
26220	3.5363319
26230	3.5360379
26240	3.535744
26250	3.5354501
26260	3.5351562
26270	3.5348623
26280	3.5345686
26290	3.5342748
26300	3.5339811
26310	3.5336875
26320	3.533394
26330	3.5331005
26340	3.5328071
26350	3.5325138
26360	3.5322205
26370	3.5319273
26380	3.5316343
26390	3.5313413
26400	3.5310484
26410	3.5307556
26420	3.5304629
26430	3.5301703
26440	3.5298778
26450	3.5295854
26460	3.5292932
26470	3.5290011
26480	3.5287091
26490	3.5284172
26500	3.5281254
26510	3.5278338
26520	3.5275423
26530	3.527251
26540	3.5269598
26550	3.5266688
26560	3.5263779
26570	3.5260872
26580	3.5257966
26590	3.5255062
26600	3.525216
26610	3.5249259
26620	3.524636
26630	3.5243463
26640	3.5240567
26650	3.5237674
26660	3.5234782
26670	3.5231892
26680	3.5229004
26690	3.5226118
26700	3.5223235
26710	3.5220353
26720	3.5217473
26730	3.5214595
26740	3.5211719
26750	3.5208846
26760	3.5205975
26770	3.5203106
26780	3.5200239
26790	3.5197374
26800	3.5194512
26810	3.5191652
26820	3.5188794
26830	3.5185939
26840	3.5183087
26850	3.5180236
26860	3.5177388
26870	3.5174543
26880	3.51717
26890	3.516886
26900	3.5166022
26910	3.5163187
26920	3.5160355
26930	3.5157525
26940	3.5154698
26950	3.5151874
26960	3.5149052
26970	3.5146234
26980	3.5143418
26990	3.5140605
27000	3.5137794
27010	3.5134987
27020	3.5132182
27030	3.512938
27040	3.5126582
27050	3.5123786
27060	3.5120993
27070	3.5118203
27080	3.5115417
27090	3.5112633
27100	3.5109852
27110	3.5107075
27120	3.51043
27130	3.5101529
27140	3.5098761
27150	3.5095996
27160	3.5093234
27170	3.5090476
27180	3.508772
27190	3.5084968
27200	3.5082219
27210	3.5079474
27220	3.5076731
27230	3.5073992
27240	3.5071257
27250	3.5068524
27260	3.5065795
27270	3.506307
27280	3.5060348
27290	3.5057629
27300	3.5054914
27310	3.5052202
27320	3.5049493
27330	3.5046788
27340	3.5044087
27350	3.5041389
27360	3.5038694
27370	3.5036003
27380	3.5033316
27390	3.5030632
27400	3.5027952
27410	3.5025275
27420	3.5022602
27430	3.5019932
27440	3.5017266
27450	3.5014603
27460	3.5011944
27470	3.5009289
27480	3.5006638
27490	3.500399
27500	3.5001345
27510	3.4998704
27520	3.4996067
27530	3.4993434
27540	3.4990804
27550	3.4988178
27560	3.4985556
27570	3.4982937
27580	3.4980322
27590	3.4977711
27600	3.4975103
27610	3.4972499
27620	3.4969899
27630	3.4967302
27640	3.496471
27650	3.4962121
27660	3.4959535
27670	3.4956953
27680	3.4954376
27690	3.4951801
27700	3.4949231
27710	3.4946664
27720	3.4944101
27730	3.4941541
27740	3.4938986
27750	3.4936434
27760	3.4933886
27770	3.4931341
27780	3.49288
27790	3.4926263
27800	3.492373
27810	3.49212
27820	3.4918674
27830	3.4916152
27840	3.4913633
27850	3.4911118
27860	3.4908607
27870	3.4906099
27880	3.4903595
27890	3.4901095
27900	3.4898598
27910	3.4896105
27920	3.4893616
27930	3.489113
27940	3.4888648
27950	3.488617
27960	3.4883695
27970	3.4881223
27980	3.4878756
27990	3.4876291
28000	3.4873831
28010	3.4871374
28020	3.486892
28030	3.4866471
28040	3.4864024
28050	3.4861581
28060	3.4859142
28070	3.4856706
28080	3.4854274
28090	3.4851845
28100	3.4849419
28110	3.4846997
28120	3.4844578
28130	3.4842163
28140	3.4839751
28150	3.4837343
28160	3.4834937
28170	3.4832536
28180	3.4830137
28190	3.4827742
28200	3.482535
28210	3.4822962
28220	3.4820576
28230	3.4818194
28240	3.4815815
28250	3.481344
28260	3.4811067
28270	3.4808698
28280	3.4806332
28290	3.4803969
28300	3.4801609
28310	3.4799252
28320	3.4796898
28330	3.4794547
28340	3.47922
28350	3.4789855
28360	3.4787513
28370	3.4785174
28380	3.4782838
28390	3.4780505
28400	3.4778175
28410	3.4775848
28420	3.4773523
28430	3.4771202
28440	3.4768883
28450	3.4766567
28460	3.4764254
28470	3.4761943
28480	3.4759635
28490	3.475733
28500	3.4755027
28510	3.4752727
28520	3.4750429
28530	3.4748134
28540	3.4745842
28550	3.4743552
28560	3.4741264
28570	3.4738979
28580	3.4736696
28590	3.4734416
28600	3.4732137
28610	3.4729862
28620	3.4727588
28630	3.4725317
28640	3.4723048
28650	3.472078
28660	3.4718516
28670	3.4716253
28680	3.4713992
28690	3.4711733
28700	3.4709477
28710	3.4707222
28720	3.4704969
28730	3.4702718
28740	3.4700469
28750	3.4698222
28760	3.4695976
28770	3.4693732
28780	3.469149
28790	3.468925
28800	3.4687011
28810	3.4684773
28820	3.4682538
28830	3.4680303
28840	3.4678071
28850	3.4675839
28860	3.4673609
28870	3.467138
28880	3.4669153
28890	3.4666927
28900	3.4664702
28910	3.4662478
28920	3.4660255
28930	3.4658033
28940	3.4655812
28950	3.4653593
28960	3.4651374
28970	3.4649156
28980	3.4646939
28990	3.4644722
29000	3.4642507
29010	3.4640292
29020	3.4638077
29030	3.4635864
29040	3.463365
29050	3.4631438
29060	3.4629225
29070	3.4627013
29080	3.4624802
29090	3.462259
29100	3.4620379
29110	3.4618168
29120	3.4615957
29130	3.4613747
29140	3.4611536
29150	3.4609325
29160	3.4607114
29170	3.4604903
29180	3.4602691
29190	3.460048
29200	3.4598268
29210	3.4596055
29220	3.4593842
29230	3.4591629
29240	3.4589414
29250	3.45872
29260	3.4584984
29270	3.4582768
29280	3.4580551
29290	3.4578333
29300	3.4576114
29310	3.4573894
29320	3.4571673
29330	3.456945
29340	3.4567227
29350	3.4565002
29360	3.4562776
29370	3.4560548
29380	3.4558319
29390	3.4556088
29400	3.4553855
29410	3.4551621
29420	3.4549385
29430	3.4547147
29440	3.4544907
29450	3.4542665
29460	3.4540421
29470	3.4538174
29480	3.4535926
29490	3.4533675
29500	3.4531422
29510	3.4529166
29520	3.4526907
29530	3.4524646
29540	3.4522382
29550	3.4520116
29560	3.4517846
29570	3.4515573
29580	3.4513298
29590	3.4511019
29600	3.4508737
29610	3.4506451
29620	3.4504162
29630	3.450187
29640	3.4499573
29650	3.4497274
29660	3.449497
29670	3.4492662
29680	3.4490351
29690	3.4488035
29700	3.4485715
29710	3.4483391
29720	3.4481063
29730	3.447873
29740	3.4476392
29750	3.447405
29760	3.4471703
29770	3.4469351
29780	3.4466994
29790	3.4464632
29800	3.4462265
29810	3.4459892
29820	3.4457514
29830	3.4455131
29840	3.4452742
29850	3.4450347
29860	3.4447946
29870	3.4445539
29880	3.4443126
29890	3.4440707
29900	3.4438282
29910	3.443585
29920	3.4433412
29930	3.4430967
29940	3.4428515
29950	3.4426057
29960	3.4423591
29970	3.4421118
29980	3.4418638
29990	3.441615
30000	3.4413655
30010	3.4411152
30020	3.4408641
30030	3.4406123
30040	3.4403596
30050	3.4401061
30060	3.4398518
30070	3.4395966
30080	3.4393406
30090	3.4390837
30100	3.4388258
30110	3.4385671
30120	3.4383075
30130	3.438047
30140	3.4377855
30150	3.437523
30160	3.4372595
30170	3.4369951
30180	3.4367297
30190	3.4364632
30200	3.4361957
30210	3.4359271
30220	3.4356575
30230	3.4353868
30240	3.435115
30250	3.4348421
30260	3.434568
30270	3.4342928
30280	3.4340164
30290	3.4337388
30300	3.4334601
30310	3.4331801
30320	3.4328989
30330	3.4326164
30340	3.4323327
30350	3.4320476
30360	3.4317613
30370	3.4314736
30380	3.4311846
30390	3.4308943
30400	3.4306026
30410	3.4303094
30420	3.4300149
30430	3.4297189
30440	3.4294215
30450	3.4291226
30460	3.4288222
30470	3.4285203
30480	3.4282169
30490	3.4279119
30500	3.4276053
30510	3.4272972
30520	3.4269874
30530	3.426676
30540	3.426363
30550	3.4260483
30560	3.4257319
30570	3.4254138
30580	3.4250939
30590	3.4247723
30600	3.4244489
30610	3.4241237
30620	3.4237967
30630	3.4234679
30640	3.4231372
30650	3.4228045
30660	3.42247
30670	3.4221335
30680	3.4217952
30690	3.4214548
30700	3.4211124
30710	3.420768
30720	3.4204215
30730	3.420073
30740	3.4197223
30750	3.4193695
30760	3.4190147
30770	3.4186576
30780	3.4182983
30790	3.4179368
30800	3.4175731
30810	3.4172071
30820	3.4168389
30830	3.4164683
30840	3.4160954
30850	3.4157201
30860	3.4153424
30870	3.4149623
30880	3.4145798
30890	3.4141948
30900	3.4138074
30910	3.4134174
30920	3.4130248
30930	3.4126297
30940	3.4122321
30950	3.4118318
30960	3.4114288
30970	3.4110232
30980	3.4106149
30990	3.4102038
31000	3.4097901
31010	3.4093735
31020	3.4089542
31030	3.408532
31040	3.408107
31050	3.4076791
31060	3.4072483
31070	3.4068146
31080	3.4063779
31090	3.4059383
31100	3.4054956
31110	3.4050499
31120	3.4046012
31130	3.4041494
31140	3.4036944
31150	3.4032363
31160	3.4027751
31170	3.4023107
31180	3.4018431
31190	3.4013723
31200	3.4008982
31210	3.4004207
31220	3.39994
31230	3.399456
31240	3.3989687
31250	3.3984779
31260	3.3979837
31270	3.3974861
31280	3.396985
31290	3.3964805
31300	3.3959725
31310	3.395461
31320	3.3949459
31330	3.3944272
31340	3.3939049
31350	3.3933791
31360	3.3928496
31370	3.3923165
31380	3.3917797
31390	3.3912392
31400	3.3906949
31410	3.390147
31420	3.3895953
31430	3.3890398
31440	3.3884805
31450	3.3879175
31460	3.3873506
31470	3.3867799
31480	3.3862052
31490	3.3856267
31500	3.3850443
31510	3.384458
31520	3.3838678
31530	3.3832737
31540	3.3826756
31550	3.3820735
31560	3.3814674
31570	3.3808574
31580	3.3802434
31590	3.3796253
31600	3.3790032
31610	3.3783771
31620	3.3777469
31630	3.3771127
31640	3.3764744
31650	3.3758321
31660	3.3751857
31670	3.3745351
31680	3.3738805
31690	3.3732219
31700	3.3725591
31710	3.3718922
31720	3.3712212
31730	3.3705461
31740	3.3698669
31750	3.3691836
31760	3.3684962
31770	3.3678047
31780	3.3671091
31790	3.3664094
31800	3.3657056
31810	3.3649977
31820	3.3642858
31830	3.3635697
31840	3.3628496
31850	3.3621254
31860	3.3613972
31870	3.3606649
31880	3.3599285
31890	3.3591882
31900	3.3584438
31910	3.3576955
31920	3.3569431
31930	3.3561868
31940	3.3554265
31950	3.3546623
31960	3.3538942
31970	3.3531221
31980	3.3523462
31990	3.3515664
32000	3.3507828
32010	3.3499953
32020	3.3492041
32030	3.348409
32040	3.3476103
32050	3.3468078
32060	3.3460015
32070	3.3451917
32080	3.3443782
32090	3.3435611
32100	3.3427403
32110	3.341916
32120	3.3410883
32130	3.340257
32140	3.3394222
32150	3.338584
32160	3.3377425
32170	3.3368976
32180	3.3360494
32190	3.3351978
32200	3.3343431
32210	3.3334851
32220	3.332624
32230	3.3317598
32240	3.3308924
32250	3.330022
32260	3.3291487
32270	3.3282723
32280	3.3273931
32290	3.326511
32300	3.325626
32310	3.3247383
32320	3.3238478
32330	3.3229547
32340	3.3220589
32350	3.3211605
32360	3.3202596
32370	3.3193561
32380	3.3184502
32390	3.3175419
32400	3.3166313
32410	3.3157184
32420	3.3148032
32430	3.3138858
32440	3.3129663
32450	3.3120446
32460	3.3111209
32470	3.3101953
32480	3.3092676
32490	3.3083381
32500	3.3074068
32510	3.3064736
32520	3.3055387
32530	3.3046022
32540	3.303664
32550	3.3027242
32560	3.3017829
32570	3.3008401
32580	3.2998959
32590	3.2989504
32600	3.2980035
32610	3.2970554
32620	3.296106
32630	3.2951555
32640	3.2942038
32650	3.2932511
32660	3.2922975
32670	3.2913428
32680	3.2903872
32690	3.2894308
32700	3.2884736
32710	3.2875156
32720	3.2865569
32730	3.2855975
32740	3.2846375
32750	3.2836769
32760	3.2827159
32770	3.2817543
32780	3.2807923
32790	3.2798299
32800	3.2788672
32810	3.2779041
32820	3.2769408
32830	3.2759773
32840	3.2750136
32850	3.2740498
32860	3.2730859
32870	3.2721219
32880	3.2711579
32890	3.2701939
32900	3.26923
32910	3.2682661
32920	3.2673024
32930	3.2663388
32940	3.2653754
32950	3.2644122
32960	3.2634493
32970	3.2624867
32980	3.2615243
32990	3.2605623
33000	3.2596007
33010	3.2586394
33020	3.2576786
33030	3.2567181
33040	3.2557582
33050	3.2547987
33060	3.2538397
33070	3.2528812
33080	3.2519233
33090	3.2509659
33100	3.2500091
33110	3.2490528
33120	3.2480972
33130	3.2471422
33140	3.2461877
33150	3.2452339
33160	3.2442808
33170	3.2433282
33180	3.2423764
33190	3.2414252
33200	3.2404746
33210	3.2395247
33220	3.2385755
33230	3.2376269
33240	3.236679
33250	3.2357318
33260	3.2347852
33270	3.2338393
33280	3.232894
33290	3.2319494
33300	3.2310054
33310	3.230062
33320	3.2291193
33330	3.2281771
33340	3.2272356
33350	3.2262946
33360	3.2253542
33370	3.2244144
33380	3.2234751
33390	3.2225363
33400	3.221598
33410	3.2206602
33420	3.2197228
33430	3.2187859
33440	3.2178494
33450	3.2169133
33460	3.2159776
33470	3.2150422
33480	3.2141071
33490	3.2131722
33500	3.2122377
33510	3.2113033
33520	3.2103692
33530	3.2094352
33540	3.2085013
33550	3.2075676
33560	3.2066338
33570	3.2057001
33580	3.2047664
33590	3.2038326
33600	3.2028988
33610	3.2019648
33620	3.2010306
33630	3.2000962
33640	3.1991615
33650	3.1982266
33660	3.1972913
33670	3.1963556
33680	3.1954194
33690	3.1944828
33700	3.1935457
33710	3.1926079
33720	3.1916695
33730	3.1907305
33740	3.1897907
33750	3.1888501
33760	3.1879087
33770	3.1869664
33780	3.1860232
33790	3.1850789
33800	3.1841336
33810	3.1831872
33820	3.1822396
33830	3.1812908
33840	3.1803407
33850	3.1793893
33860	3.1784364
33870	3.1774821
33880	3.1765263
33890	3.1755689
33900	3.1746098
33910	3.173649
33920	3.1726864
33930	3.171722
33940	3.1707557
33950	3.1697874
33960	3.1688171
33970	3.1678447
33980	3.1668701
33990	3.1658932
34000	3.1649141
34010	3.1639326
34020	3.1629486
34030	3.161962
34040	3.160973
34050	3.1599812
34060	3.1589867
34070	3.1579894
34080	3.1569892
34090	3.155986
34100	3.1549799
34110	3.1539706
34120	3.1529581
34130	3.1519424
34140	3.1509233
34150	3.1499009
34160	3.1488749
34170	3.1478454
34180	3.1468122
34190	3.1457753
34200	3.1447346
34210	3.14369
34220	3.1426414
34230	3.1415887
34240	3.140532
34250	3.139471
34260	3.1384058
34270	3.1373361
34280	3.1362619
34290	3.1351832
34300	3.1340999
34310	3.1330119
34320	3.131919
34330	3.1308212
34340	3.1297185
34350	3.1286107
34360	3.1274977
34370	3.1263795
34380	3.1252559
34390	3.1241269
34400	3.1229923
34410	3.1218522
34420	3.1207063
34430	3.1195546
34440	3.1183971
34450	3.1172335
34460	3.1160639
34470	3.1148881
34480	3.113706
34490	3.1125175
34500	3.1113226
34510	3.1101211
34520	3.1089129
34530	3.107698
34540	3.1064762
34550	3.1052475
34560	3.1040117
34570	3.1027687
34580	3.1015185
34590	3.1002609
34600	3.0989958
34610	3.0977232
34620	3.0964429
34630	3.0951547
34640	3.0938587
34650	3.0925547
34660	3.0912427
34670	3.0899223
34680	3.0885936
34690	3.0872565
34700	3.085911
34710	3.0845567
34720	3.0831937
34730	3.0818217
34740	3.0804408
34750	3.0790509
34760	3.0776517
34770	3.0762431
34780	3.074825
34790	3.0733975
34800	3.0719603
34810	3.0705133
34820	3.0690562
34830	3.0675892
34840	3.066112
34850	3.0646246
34860	3.0631268
34870	3.0616183
34880	3.0600992
34890	3.0585693
34900	3.0570286
34910	3.0554769
34920	3.0539138
34930	3.0523395
34940	3.0507539
34950	3.0491567
34960	3.0475479
34970	3.045927
34980	3.0442943
34990	3.0426495
35000	3.0409926
35010	3.0393233
35020	3.0376413
35030	3.0359468
35040	3.0342395
35050	3.0325194
35060	3.0307862
35070	3.0290396
35080	3.0272798
35090	3.0255065
35100	3.0237196
35110	3.0219189
35120	3.0201041
35130	3.0182753
35140	3.0164323
35150	3.014575
35160	3.0127031
35170	3.0108164
35180	3.0089148
35190	3.0069983
35200	3.0050667
35210	3.0031198
35220	3.0011571
35230	2.9991788
35240	2.9971849
35250	2.995175
35260	2.993149
35270	2.9911063
35280	2.9890473
35290	2.9869718
35300	2.9848795
35310	2.9827701
35320	2.9806433
35330	2.9784992
35340	2.9763378
35350	2.9741587
35360	2.9719617
35370	2.9697463
35380	2.9675128
35390	2.9652609
35400	2.9629906
35410	2.9607013
35420	2.9583928
35430	2.9560651
35440	2.9537182
35450	2.9513518
35460	2.9489656
35470	2.9465591
35480	2.9441324
35490	2.9416856
35500	2.9392182
35510	2.9367301
35520	2.9342207
35530	2.93169
35540	2.9291381
35550	2.9265647
35560	2.9239695
35570	2.9213519
35580	2.918712
35590	2.9160497
35600	2.9133649
35610	2.9106571
35620	2.9079258
35630	2.9051712
35640	2.9023931
35650	2.8995913
35660	2.8967653
35670	2.8939147
35680	2.8910395
35690	2.8881397
35700	2.8852151
35710	2.8822651
35720	2.8792891
35730	2.8762874
35740	2.8732599
35750	2.8702062
35760	2.867126
35770	2.8640186
35780	2.860884
35790	2.8577224
35800	2.8545334
35810	2.8513165
35820	2.8480711
35830	2.844797
35840	2.8414947
35850	2.8381636
35860	2.8348034
35870	2.8314132
35880	2.8279929
35890	2.8245428
35900	2.8210627
35910	2.817552
35920	2.81401
35930	2.8104361
35940	2.806831
35950	2.8031945
35960	2.799526
35970	2.7958246
35980	2.7920898
35990	2.7883222
36000	2.7845215
36010	2.7806873
36020	2.7768189
36030	2.7729152
36040	2.7689771
36050	2.7650043
36060	2.7609963
36070	2.7569527
36080	2.7528719
36090	2.7487549
36100	2.7446016
36110	2.7404114
36120	2.7361838
36130	2.7319173
36140	2.7276128
36150	2.7232701
36160	2.7188888
36170	2.7144682
36180	2.7100071
36190	2.7055058
36200	2.7009646
36210	2.6963828
36220	2.6917598
36230	2.6870946
36240	2.682387
36250	2.6776375
36260	2.6728454
36270	2.6680103
36280	2.6631309
36290	2.658207
36300	2.653239
36310	2.6482265
36320	2.6431688
36330	2.6380649
36340	2.632914
36350	2.627717
36360	2.6224733
36370	2.6171822
36380	2.6118428
36390	2.6064539
36400	2.6010167
36410	2.5955305
36420	2.5899946
36430	2.5844081
36440	2.5787696
36450	2.5730805
36460	2.56734
36470	2.5615474
36480	2.5557018
36490	2.5498015
36500	2.5438481
36510	2.537841
36520	2.5317791
36530	2.5256618
36540	2.519487
36550	2.5132562
36560	2.5069693
36570	2.5006251
36580	2.4942226
