t(s)	total_current(A)
0	-0.05
0.1	-0.05
0.3	-0.05
0.7	-0.05
1.5	-0.05
3.1	-0.05
6.3	-0.05
12.7	-0.05
25.5	-0.05
51.1	-0.05
102.3	-0.05
192.3	-0.05
282.3	-0.05
372.3	-0.05
462.3	-0.05
552.3	-0.05
642.3	-0.05
732.3	-0.05
822.3	-0.05
912.3	-0.05
1000	-0.05
1090	-0.05
1180	-0.05
1270	-0.05
1360	-0.05
1450	-0.05
1540	-0.05
1630	-0.05
1720	-0.05
1810	-0.05
1900	-0.05
1990	-0.05
2000	-0.05
2090	-0.05
2180	-0.05
2270	-0.05
2360	-0.05
2450	-0.05
2540	-0.05
2630	-0.05
2720	-0.05
2810	-0.05
2900	-0.05
2990	-0.05
3080	-0.05
3170	-0.05
3260	-0.05
3350	-0.05
3440	-0.05
3530	-0.05
3620	-0.05
3710	-0.05
3800	-0.05
3890	-0.05
3980	-0.05
4000	-0.05
4090	-0.05
4180	-0.05
4270	-0.05
4360	-0.05
4450	-0.05
4540	-0.05
4630	-0.05
4720	-0.05
4810	-0.05
4900	-0.05
4990	-0.05
5080	-0.05
5170	-0.05
5260	-0.05
5350	-0.05
5440	-0.05
5530	-0.05
5620	-0.05
5710	-0.05
5800	-0.05
5890	-0.05
5980	-0.05
6070	-0.05
6160	-0.05
6250	-0.05
6340	-0.05
6430	-0.05
6520	-0.05
6610	-0.05
6700	-0.05
6790	-0.05
6880	-0.05
6970	-0.05
7060	-0.05
7150	-0.05
7240	-0.05
7330	-0.05
7420	-0.05
7510	-0.05
7600	-0.05
7690	-0.05
7780	-0.05
7870	-0.05
7960	-0.05
8050	-0.05
8140	-0.05
8230	-0.05
8320	-0.05
8410	-0.05
8500	-0.05
8590	-0.05
8680	-0.05
8770	-0.05
8860	-0.05
8950	-0.05
9040	-0.05
9130	-0.05
9220	-0.05
9310	-0.05
9400	-0.05
9490	-0.05
9580	-0.05
9670	-0.05
9760	-0.05
9850	-0.05
9940	-0.05
10030	-0.05
10120	-0.05
10210	-0.05
10300	-0.05
10390	-0.05
10480	-0.05
10570	-0.05
10660	-0.05
10750	-0.05
10840	-0.05
10930	-0.05
11020	-0.05
11110	-0.05
11200	-0.05
11290	-0.05
11380	-0.05
11470	-0.05
11560	-0.05
11650	-0.05
11740	-0.05
11830	-0.05
11920	-0.05
12010	-0.05
12100	-0.05
12190	-0.05
12280	-0.05
12370	-0.05
12460	-0.05
12550	-0.05
12640	-0.05
12730	-0.05
12820	-0.05
12910	-0.05
13000	-0.05
13090	-0.05
13180	-0.05
13270	-0.05
13360	-0.05
13450	-0.05
13540	-0.05
13630	-0.05
13720	-0.05
13810	-0.05
13900	-0.05
13990	-0.05
14080	-0.05
14170	-0.05
14260	-0.05
14350	-0.05
14440	-0.05
14530	-0.05
14620	-0.05
14710	-0.05
14800	-0.05
14890	-0.05
14980	-0.05
15070	-0.05
15160	-0.05
15250	-0.05
15340	-0.05
15430	-0.05
15520	-0.05
15610	-0.05
15700	-0.05
15790	-0.05
15880	-0.05
15970	-0.05
16060	-0.05
16150	-0.05
16240	-0.05
16330	-0.05
16420	-0.05
16510	-0.05
16600	-0.05
16690	-0.05
16780	-0.05
16870	-0.05
16960	-0.05
17050	-0.05
17140	-0.05
17230	-0.05
17320	-0.05
17410	-0.05
17500	-0.05
17590	-0.05
17680	-0.05
17770	-0.05
17860	-0.05
17950	-0.05
18040	-0.05
18130	-0.05
18220	-0.05
18310	-0.05
18400	-0.05
18490	-0.05
18580	-0.05
18670	-0.05
18760	-0.05
18850	-0.05
18940	-0.05
19030	-0.05
19120	-0.05
19210	-0.05
19300	-0.05
19390	-0.05
19480	-0.05
19570	-0.05
19660	-0.05
19750	-0.05
19840	-0.05
19930	-0.05
20020	-0.05
20110	-0.05
20200	-0.05
20290	-0.05
20380	-0.05
20470	-0.05
20560	-0.05
20650	-0.05
20740	-0.05
20830	-0.05
20920	-0.05
21010	-0.05
21100	-0.05
21190	-0.05
21280	-0.05
21370	-0.05
21460	-0.05
21550	-0.05
21640	-0.05
21730	-0.05
21820	-0.05
21910	-0.05
22000	-0.05
22090	-0.05
22180	-0.05
22270	-0.05
22360	-0.05
22450	-0.05
22540	-0.05
22630	-0.05
22720	-0.05
22810	-0.05
22900	-0.05
22990	-0.05
23080	-0.05
23170	-0.05
23260	-0.05
23350	-0.05
23440	-0.05
23530	-0.05
23620	-0.05
23710	-0.05
23800	-0.05
23890	-0.05
23980	-0.05
24070	-0.05
24160	-0.05
24250	-0.05
24340	-0.05
24430	-0.05
24520	-0.05
24610	-0.05
24700	-0.05
24790	-0.05
24880	-0.05
24970	-0.05
25060	-0.05
25150	-0.05
25240	-0.05
25330	-0.05
25420	-0.05
25510	-0.05
25600	-0.05
25690	-0.05
25780	-0.05
25870	-0.05
25960	-0.05
26050	-0.05
26140	-0.05
26230	-0.05
26320	-0.05
26410	-0.05
26500	-0.05
26590	-0.05
26680	-0.05
26770	-0.05
26860	-0.05
26950	-0.05
27040	-0.05
27130	-0.05
27220	-0.05
27310	-0.05
27400	-0.05
27490	-0.05
27580	-0.05
27670	-0.05
27760	-0.05
27850	-0.05
27940	-0.05
28030	-0.05
28120	-0.05
28210	-0.05
28300	-0.05
28390	-0.05
28480	-0.05
28570	-0.05
28660	-0.05
28750	-0.05
28840	-0.05
28930	-0.05
29020	-0.05
29110	-0.05
29200	-0.05
29290	-0.05
29380	-0.05
29470	-0.05
29560	-0.05
29650	-0.05
29740	-0.05
29830	-0.05
29920	-0.05
30010	-0.05
30100	-0.05
30190	-0.05
30280	-0.05
30370	-0.05
30460	-0.05
30550	-0.05
30640	-0.05
30730	-0.05
30820	-0.05
30910	-0.05
31000	-0.05
31090	-0.05
31180	-0.05
31270	-0.05
31360	-0.05
31450	-0.05
31540	-0.05
31630	-0.05
31720	-0.05
31810	-0.05
31900	-0.05
31990	-0.05
32080	-0.05
32170	-0.05
32260	-0.05
32350	-0.05
32440	-0.05
32530	-0.05
32620	-0.05
32710	-0.05
32800	-0.05
32890	-0.05
32980	-0.05
33070	-0.05
33160	-0.05
33250	-0.05
33340	-0.05
33430	-0.05
33520	-0.05
33610	-0.05
33700	-0.05
33790	-0.05
33880	-0.05
33970	-0.05
34060	-0.05
34150	-0.05
34240	-0.05
34330	-0.05
34420	-0.05
34510	-0.05
34600	-0.05
34690	-0.05
34780	-0.05
34870	-0.05
34960	-0.05
35050	-0.05
35140	-0.05
35230	-0.05
35320	-0.05
35410	-0.05
35500	-0.05
35590	-0.05
35680	-0.05
35770	-0.05
35860	-0.05
35950	-0.05
36040	-0.05
36130	-0.05
36220	-0.05
36310	-0.05
36400	-0.05
36490	-0.05
36580	-0.05
36670	-0.05
36760	-0.05
36850	-0.05
36940	-0.05
37030	-0.05
37120	-0.05
37210	-0.05
37300	-0.05
37390	-0.05
37480	-0.05
37570	-0.05
37660	-0.05
37750	-0.05
37840	-0.05
37930	-0.05
38020	-0.05
38110	-0.05
38200	-0.05
38290	-0.05
38380	-0.05
38470	-0.05
38560	-0.05
38650	-0.05
38740	-0.05
38830	-0.05
38920	-0.05
39010	-0.05
39100	-0.05
39190	-0.05
39280	-0.05
39370	-0.05
39460	-0.05
39550	-0.05
39640	-0.05
39730	-0.05
39820	-0.05
39910	-0.05
40000	-0.05
40090	-0.05
40180	-0.05
40270	-0.05
40360	-0.05
40450	-0.05
40540	-0.05
40630	-0.05
40720	-0.05
40810	-0.05
40900	-0.05
40990	-0.05
41080	-0.05
41170	-0.05
41260	-0.05
41350	-0.05
41440	-0.05
41530	-0.05
41620	-0.05
41710	-0.05
41800	-0.05
41890	-0.05
41980	-0.05
42070	-0.05
42160	-0.05
42250	-0.05
42340	-0.05
42430	-0.05
42520	-0.05
42610	-0.05
42700	-0.05
42790	-0.05
42880	-0.05
42970	-0.05
43060	-0.05
43150	-0.05
43240	-0.05
43330	-0.05
43420	-0.05
43510	-0.05
43600	-0.05
43690	-0.05
43780	-0.05
43870	-0.05
43960	-0.05
44050	-0.05
44140	-0.05
44230	-0.05
44320	-0.05
44410	-0.05
44500	-0.05
44590	-0.05
44680	-0.05
44770	-0.05
44860	-0.05
44950	-0.05
45040	-0.05
45130	-0.05
45220	-0.05
45310	-0.05
45400	-0.05
45490	-0.05
45580	-0.05
45670	-0.05
45760	-0.05
45850	-0.05
45940	-0.05
46030	-0.05
46120	-0.05
46210	-0.05
46300	-0.05
46390	-0.05
46480	-0.05
46570	-0.05
46660	-0.05
46750	-0.05
46840	-0.05
46930	-0.05
47020	-0.05
47110	-0.05
47200	-0.05
47290	-0.05
47380	-0.05
47470	-0.05
47560	-0.05
47650	-0.05
47740	-0.05
47830	-0.05
47920	-0.05
48010	-0.05
48100	-0.05
48190	-0.05
48280	-0.05
48370	-0.05
48460	-0.05
48550	-0.05
48640	-0.05
48730	-0.05
48820	-0.05
48910	-0.05
49000	-0.05
49090	-0.05
49180	-0.05
49270	-0.05
49360	-0.05
49450	-0.05
49540	-0.05
49630	-0.05
49720	-0.05
49810	-0.05
49900	-0.05
49990	-0.05
50080	-0.05
50170	-0.05
50260	-0.05
50350	-0.05
50440	-0.05
50530	-0.05
50620	-0.05
50710	-0.05
50800	-0.05
50890	-0.05
50980	-0.05
51070	-0.05
51160	-0.05
51250	-0.05
51340	-0.05
51430	-0.05
51520	-0.05
51610	-0.05
51700	-0.05
51790	-0.05
51880	-0.05
51970	-0.05
52060	-0.05
52150	-0.05
52240	-0.05
52330	-0.05
52420	-0.05
52510	-0.05
52600	-0.05
52690	-0.05
52780	-0.05
52870	-0.05
52960	-0.05
53050	-0.05
53140	-0.05
53230	-0.05
53320	-0.05
53410	-0.05
53500	-0.05
53590	-0.05
53680	-0.05
53770	-0.05
53860	-0.05
53950	-0.05
54040	-0.05
54130	-0.05
54220	-0.05
54310	-0.05
54400	-0.05
54490	-0.05
54580	-0.05
54670	-0.05
54760	-0.05
54850	-0.05
54940	-0.05
55030	-0.05
55120	-0.05
55210	-0.05
55300	-0.05
55390	-0.05
55480	-0.05
55570	-0.05
55660	-0.05
55750	-0.05
55840	-0.05
55930	-0.05
56020	-0.05
56110	-0.05
56200	-0.05
56290	-0.05
56380	-0.05
56470	-0.05
56560	-0.05
56650	-0.05
56740	-0.05
56830	-0.05
56920	-0.05
57010	-0.05
57100	-0.05
57190	-0.05
57280	-0.05
57370	-0.05
57460	-0.05
57550	-0.05
57640	-0.05
57730	-0.05
57820	-0.05
57910	-0.05
58000	-0.05
58090	-0.05
58180	-0.05
58270	-0.05
58360	-0.05
58450	-0.05
58540	-0.05
58630	-0.05
58720	-0.05
58810	-0.05
58900	-0.05
58990	-0.05
59080	-0.05
59170	-0.05
59260	-0.05
59350	-0.05
59440	-0.05
59530	-0.05
59620	-0.05
59710	-0.05
59800	-0.05
59890	-0.05
59980	-0.05
60070	-0.05
60160	-0.05
60250	-0.05
60340	-0.05
60430	-0.05
60520	-0.05
60610	-0.05
60700	-0.05
60790	-0.05
60880	-0.05
60970	-0.05
61060	-0.05
61150	-0.05
61240	-0.05
61330	-0.05
61420	-0.05
61510	-0.05
61600	-0.05
61690	-0.05
61780	-0.05
61870	-0.05
61960	-0.05
62050	-0.05
62140	-0.05
62230	-0.05
62320	-0.05
62410	-0.05
62500	-0.05
62590	-0.05
62680	-0.05
62770	-0.05
62860	-0.05
62950	-0.05
63040	-0.05
63130	-0.05
63220	-0.05
63310	-0.05
63400	-0.05
63490	-0.05
63580	-0.05
63670	-0.05
63760	-0.05
63850	-0.05
63940	-0.05
64030	-0.05
64120	-0.05
64210	-0.05
64300	-0.05
64390	-0.05
64480	-0.05
64570	-0.05
64660	-0.05
64750	-0.05
64840	-0.05
64930	-0.05
65020	-0.05
65110	-0.05
65200	-0.05
65290	-0.05
65380	-0.05
65470	-0.05
65560	-0.05
65650	-0.05
65740	-0.05
65830	-0.05
65920	-0.05
66010	-0.05
66100	-0.05
66190	-0.05
66280	-0.05
66370	-0.05
66460	-0.05
66550	-0.05
66640	-0.05
66730	-0.05
66820	-0.05
66910	-0.05
67000	-0.05
67090	-0.05
67180	-0.05
67270	-0.05
67360	-0.05
67450	-0.05
67540	-0.05
67630	-0.05
67720	-0.05
67810	-0.05
67900	-0.05
67990	-0.05
68080	-0.05
68170	-0.05
68260	-0.05
68350	-0.05
68440	-0.05
68530	-0.05
68620	-0.05
68710	-0.05
68800	-0.05
68890	-0.05
68980	-0.05
69070	-0.05
69160	-0.05
69250	-0.05
69340	-0.05
69430	-0.05
69520	-0.05
69610	-0.05
69700	-0.05
69790	-0.05
69880	-0.05
69970	-0.05
70060	-0.05
70150	-0.05
70240	-0.05
70330	-0.05
70420	-0.05
70510	-0.05
70600	-0.05
70690	-0.05
70780	-0.05
70870	-0.05
70960	-0.05
71050	-0.05
71140	-0.05
71230	-0.05
71320	-0.05
71410	-0.05
71500	-0.05
71590	-0.05
71680	-0.05
71770	-0.05
71860	-0.05
71950	-0.05
72040	-0.05
72130	-0.05
72220	-0.05
72310	-0.05
72400	-0.05
72490	-0.05
72580	-0.05
72670	-0.05
72760	-0.05
72850	-0.05
72940	-0.05
73030	-0.05
73120	-0.05
73210	-0.05
73300	-0.05
73390	-0.05
73480	-0.05
73570	-0.05
73660	-0.05
73750	-0.05
73840	-0.05
73930	-0.05
74020	-0.05
74110	-0.05
74200	-0.05
74290	-0.05
74380	-0.05
74470	-0.05
74560	-0.05
74650	-0.05
74740	-0.05
74830	-0.05
74920	-0.05
75010	-0.05
75100	-0.05
75190	-0.05
75280	-0.05
75370	-0.05
75460	-0.05
75550	-0.05
75640	-0.05
75730	-0.05
75820	-0.05
75910	-0.05
76000	-0.05
76090	-0.05
76180	-0.05
76270	-0.05
76360	-0.05
76450	-0.05
76540	-0.05
76630	-0.05
76720	-0.05
76810	-0.05
76900	-0.05
76990	-0.05
77080	-0.05
77170	-0.05
77260	-0.05
77350	-0.05
77440	-0.05
77530	-0.05
77620	-0.05
77710	-0.05
77800	-0.05
77890	-0.05
77980	-0.05
78070	-0.05
78160	-0.05
78250	-0.05
78340	-0.05
78430	-0.05
78520	-0.05
78610	-0.05
78700	-0.05
78790	-0.05
78880	-0.05
78970	-0.05
79060	-0.05
79150	-0.05
79240	-0.05
79330	-0.05
79420	-0.05
79510	-0.05
79600	-0.05
79690	-0.05
79780	-0.05
79870	-0.05
79960	-0.05
80050	-0.05
80140	-0.05
80230	-0.05
80320	-0.05
80410	-0.05
80500	-0.05
80590	-0.05
80680	-0.05
80770	-0.05
80860	-0.05
80950	-0.05
81040	-0.05
81130	-0.05
81220	-0.05
81310	-0.05
81400	-0.05
81490	-0.05
81580	-0.05
81670	-0.05
81760	-0.05
81850	-0.05
81940	-0.05
82030	-0.05
82120	-0.05
82210	-0.05
82300	-0.05
82390	-0.05
82480	-0.05
82570	-0.05
82660	-0.05
82750	-0.05
82840	-0.05
82930	-0.05
83020	-0.05
83110	-0.05
83200	-0.05
83290	-0.05
83380	-0.05
83470	-0.05
83560	-0.05
83650	-0.05
83740	-0.05
83830	-0.05
83920	-0.05
84010	-0.05
84100	-0.05
84190	-0.05
84280	-0.05
84370	-0.05
84460	-0.05
84550	-0.05
84640	-0.05
84730	-0.05
84820	-0.05
84910	-0.05
85000	-0.05
85090	-0.05
85180	-0.05
85270	-0.05
85360	-0.05
85450	-0.05
85540	-0.05
85630	-0.05
85720	-0.05
85810	-0.05
85900	-0.05
85990	-0.05
86080	-0.05
86170	-0.05
86260	-0.05
86350	-0.05
86440	-0.05
86530	-0.05
86620	-0.05
86710	-0.05
86800	-0.05
86890	-0.05
86980	-0.05
87070	-0.05
87160	-0.05
87250	-0.05
87340	-0.05
87430	-0.05
87520	-0.05
87610	-0.05
87700	-0.05
87790	-0.05
87880	-0.05
87970	-0.05
88060	-0.05
88150	-0.05
88240	-0.05
88330	-0.05
88420	-0.05
88510	-0.05
88600	-0.05
88690	-0.05
88780	-0.05
88870	-0.05
88960	-0.05
89050	-0.05
89140	-0.05
89230	-0.05
89320	-0.05
89410	-0.05
89500	-0.05
89590	-0.05
89680	-0.05
89770	-0.05
89860	-0.05
89950	-0.05
90040	-0.05
90130	-0.05
90220	-0.05
90310	-0.05
90400	-0.05
90490	-0.05
90580	-0.05
90670	-0.05
90760	-0.05
90850	-0.05
90940	-0.05
91030	-0.05
91120	-0.05
91210	-0.05
91300	-0.05
91390	-0.05
91480	-0.05
91570	-0.05
91660	-0.05
91750	-0.05
91840	-0.05
91930	-0.05
92020	-0.05
92110	-0.05
92200	-0.05
92290	-0.05
92380	-0.05
92470	-0.05
92560	-0.05
92650	-0.05
92740	-0.05
92830	-0.05
92920	-0.05
93010	-0.05
93100	-0.05
93190	-0.05
93280	-0.05
93370	-0.05
93460	-0.05
93550	-0.05
93640	-0.05
93730	-0.05
93820	-0.05
93910	-0.05
94000	-0.05
94090	-0.05
94180	-0.05
94270	-0.05
94360	-0.05
94450	-0.05
94540	-0.05
94630	-0.05
94720	-0.05
94810	-0.05
94900	-0.05
94990	-0.05
95080	-0.05
95170	-0.05
95260	-0.05
95350	-0.05
95440	-0.05
95530	-0.05
95620	-0.05
95710	-0.05
95800	-0.05
95890	-0.05
95980	-0.05
96070	-0.05
96160	-0.05
96250	-0.05
96340	-0.05
96430	-0.05
96520	-0.05
96610	-0.05
96700	-0.05
96790	-0.05
96880	-0.05
96970	-0.05
97060	-0.05
97150	-0.05
97240	-0.05
97330	-0.05
97420	-0.05
97510	-0.05
97600	-0.05
97690	-0.05
97780	-0.05
97870	-0.05
97960	-0.05
98050	-0.05
98140	-0.05
98230	-0.05
98320	-0.05
98410	-0.05
98500	-0.05
98590	-0.05
98680	-0.05
98770	-0.05
98860	-0.05
98950	-0.05
99040	-0.05
99130	-0.05
99220	-0.05
99310	-0.05
99400	-0.05
99490	-0.05
99580	-0.05
99670	-0.05
99760	-0.05
99850	-0.05
99940	-0.05
100030	-0.05
100120	-0.05
100210	-0.05
100300	-0.05
100390	-0.05
100480	-0.05
100570	-0.05
100660	-0.05
100750	-0.05
100840	-0.05
100930	-0.05
101020	-0.05
101110	-0.05
101200	-0.05
101290	-0.05
101380	-0.05
101470	-0.05
101560	-0.05
101650	-0.05
101740	-0.05
101830	-0.05
101920	-0.05
102010	-0.05
102100	-0.05
102190	-0.05
102280	-0.05
102370	-0.05
102460	-0.05
102550	-0.05
102640	-0.05
102730	-0.05
102820	-0.05
102910	-0.05
103000	-0.05
103090	-0.05
103180	-0.05
103270	-0.05
103360	-0.05
103450	-0.05
103540	-0.05
103630	-0.05
103720	-0.05
103810	-0.05
103900	-0.05
103990	-0.05
104080	-0.05
104170	-0.05
104260	-0.05
104350	-0.05
104440	-0.05
104530	-0.05
104620	-0.05
104710	-0.05
104800	-0.05
104890	-0.05
104980	-0.05
105070	-0.05
105160	-0.05
105250	-0.05
105340	-0.05
105430	-0.05
105520	-0.05
105610	-0.05
105700	-0.05
105790	-0.05
105880	-0.05
105970	-0.05
106060	-0.05
106150	-0.05
106240	-0.05
106330	-0.05
106420	-0.05
106510	-0.05
106600	-0.05
106690	-0.05
106780	-0.05
106870	-0.05
106960	-0.05
107050	-0.05
107140	-0.05
107230	-0.05
107320	-0.05
107410	-0.05
107500	-0.05
107590	-0.05
107680	-0.05
107770	-0.05
107860	-0.05
107950	-0.05
108040	-0.05
108130	-0.05
108220	-0.05
108310	-0.05
108400	-0.05
108490	-0.05
108580	-0.05
108670	-0.05
108760	-0.05
108850	-0.05
108940	-0.05
109030	-0.05
109120	-0.05
109210	-0.05
109300	-0.05
109390	-0.05
109480	-0.05
109570	-0.05
109660	-0.05
109750	-0.05
109840	-0.05
109930	-0.05
110020	-0.05
110110	-0.05
110200	-0.05
110290	-0.05
110380	-0.05
110470	-0.05
110560	-0.05
110650	-0.05
110740	-0.05
110830	-0.05
110920	-0.05
111010	-0.05
111100	-0.05
111190	-0.05
111280	-0.05
111370	-0.05
111460	-0.05
111550	-0.05
111640	-0.05
111730	-0.05
111820	-0.05
111910	-0.05
112000	-0.05
112090	-0.05
112180	-0.05
112270	-0.05
112360	-0.05
112450	-0.05
112540	-0.05
112630	-0.05
112720	-0.05
112810	-0.05
112900	-0.05
112990	-0.05
113080	-0.05
113170	-0.05
113260	-0.05
113350	-0.05
113440	-0.05
113530	-0.05
113620	-0.05
113710	-0.05
113800	-0.05
113890	-0.05
113980	-0.05
114070	-0.05
114160	-0.05
114250	-0.05
114340	-0.05
114430	-0.05
114520	-0.05
114610	-0.05
114700	-0.05
114790	-0.05
114880	-0.05
114970	-0.05
115060	-0.05
115150	-0.05
115240	-0.05
115330	-0.05
115420	-0.05
115510	-0.05
115600	-0.05
115690	-0.05
115780	-0.05
115870	-0.05
115960	-0.05
116050	-0.05
116140	-0.05
116230	-0.05
116320	-0.05
116410	-0.05
116500	-0.05
116590	-0.05
116680	-0.05
116770	-0.05
116860	-0.05
116950	-0.05
117040	-0.05
117130	-0.05
117220	-0.05
117310	-0.05
117400	-0.05
117490	-0.05
117580	-0.05
117670	-0.05
117760	-0.05
117850	-0.05
117940	-0.05
118030	-0.05
118120	-0.05
118210	-0.05
118300	-0.05
118390	-0.05
118480	-0.05
118570	-0.05
118660	-0.05
118750	-0.05
118840	-0.05
118930	-0.05
119020	-0.05
119110	-0.05
119200	-0.05
119290	-0.05
119380	-0.05
119470	-0.05
119560	-0.05
119650	-0.05
119740	-0.05
119830	-0.05
119920	-0.05
120010	-0.05
120100	-0.05
120190	-0.05
120280	-0.05
120370	-0.05
120460	-0.05
120550	-0.05
120640	-0.05
120730	-0.05
120820	-0.05
120910	-0.05
121000	-0.05
121090	-0.05
121180	-0.05
121270	-0.05
121360	-0.05
121450	-0.05
121540	-0.05
121630	-0.05
121720	-0.05
121810	-0.05
121900	-0.05
121990	-0.05
122080	-0.05
122170	-0.05
122260	-0.05
122350	-0.05
122440	-0.05
122530	-0.05
122620	-0.05
122710	-0.05
122800	-0.05
122890	-0.05
122980	-0.05
123070	-0.05
123160	-0.05
123250	-0.05
123340	-0.05
123430	-0.05
123520	-0.05
123610	-0.05
123700	-0.05
123790	-0.05
123880	-0.05
123970	-0.05
124060	-0.05
124150	-0.05
124240	-0.05
124330	-0.05
124420	-0.05
124510	-0.05
124600	-0.05
124690	-0.05
124780	-0.05
124870	-0.05
124960	-0.05
125050	-0.05
125140	-0.05
125230	-0.05
125320	-0.05
125410	-0.05
125500	-0.05
125590	-0.05
125680	-0.05
125770	-0.05
125860	-0.05
125950	-0.05
126040	-0.05
126130	-0.05
126220	-0.05
126310	-0.05
126400	-0.05
126490	-0.05
126580	-0.05
126670	-0.05
126760	-0.05
126850	-0.05
126940	-0.05
127030	-0.05
127120	-0.05
127210	-0.05
127300	-0.05
127390	-0.05
127480	-0.05
127570	-0.05
127660	-0.05
127750	-0.05
127840	-0.05
127930	-0.05
128020	-0.05
128110	-0.05
128200	-0.05
128290	-0.05
128380	-0.05
128470	-0.05
128560	-0.05
128650	-0.05
128740	-0.05
128830	-0.05
128920	-0.05
129010	-0.05
129100	-0.05
129190	-0.05
129280	-0.05
129370	-0.05
129460	-0.05
129550	-0.05
129640	-0.05
129730	-0.05
129820	-0.05
129910	-0.05
130000	-0.05
130090	-0.05
130180	-0.05
130270	-0.05
130360	-0.05
130450	-0.05
130540	-0.05
130630	-0.05
130720	-0.05
130810	-0.05
130900	-0.05
130990	-0.05
131080	-0.05
131170	-0.05
131260	-0.05
131350	-0.05
131440	-0.05
131530	-0.05
131620	-0.05
131710	-0.05
131800	-0.05
131890	-0.05
131980	-0.05
132070	-0.05
132160	-0.05
132250	-0.05
132340	-0.05
132430	-0.05
132520	-0.05
132610	-0.05
132700	-0.05
132790	-0.05
132880	-0.05
132970	-0.05
133060	-0.05
133150	-0.05
133240	-0.05
133330	-0.05
133420	-0.05
133510	-0.05
133600	-0.05
133690	-0.05
133780	-0.05
133870	-0.05
133960	-0.05
134050	-0.05
134140	-0.05
134230	-0.05
134320	-0.05
134410	-0.05
134500	-0.05
134590	-0.05
134680	-0.05
134770	-0.05
134860	-0.05
134950	-0.05
135040	-0.05
135130	-0.05
135220	-0.05
135310	-0.05
135400	-0.05
135490	-0.05
135580	-0.05
135670	-0.05
135760	-0.05
135850	-0.05
135940	-0.05
136030	-0.05
136120	-0.05
136210	-0.05
136300	-0.05
136390	-0.05
136480	-0.05
136570	-0.05
136660	-0.05
136750	-0.05
136840	-0.05
136930	-0.05
137020	-0.05
137110	-0.05
137200	-0.05
137290	-0.05
137380	-0.05
137470	-0.05
137560	-0.05
137650	-0.05
137740	-0.05
137830	-0.05
137920	-0.05
138010	-0.05
138100	-0.05
138190	-0.05
138280	-0.05
138370	-0.05
138460	-0.05
138550	-0.05
138640	-0.05
138730	-0.05
138820	-0.05
138910	-0.05
139000	-0.05
139090	-0.05
139180	-0.05
139270	-0.05
139360	-0.05
139450	-0.05
139540	-0.05
139630	-0.05
139720	-0.05
139810	-0.05
139900	-0.05
139990	-0.05
140080	-0.05
140170	-0.05
140260	-0.05
140350	-0.05
140440	-0.05
140530	-0.05
140620	-0.05
140710	-0.05
140800	-0.05
140890	-0.05
140980	-0.05
141070	-0.05
141160	-0.05
141250	-0.05
141340	-0.05
141430	-0.05
141520	-0.05
141610	-0.05
141700	-0.05
141790	-0.05
141880	-0.05
141970	-0.05
142060	-0.05
142150	-0.05
142240	-0.05
142330	-0.05
142420	-0.05
142510	-0.05
142600	-0.05
142690	-0.05
142780	-0.05
142870	-0.05
142960	-0.05
143050	-0.05
143140	-0.05
143230	-0.05
143320	-0.05
143410	-0.05
143500	-0.05
143590	-0.05
143680	-0.05
143770	-0.05
143860	-0.05
143950	-0.05
144040	-0.05
144130	-0.05
144220	-0.05
144310	-0.05
144400	-0.05
144490	-0.05
144580	-0.05
144670	-0.05
144760	-0.05
144850	-0.05
144940	-0.05
145030	-0.05
145120	-0.05
145210	-0.05
145300	-0.05
145390	-0.05
145480	-0.05
145570	-0.05
145660	-0.05
145750	-0.05
145840	-0.05
145930	-0.05
146020	-0.05
146110	-0.05
146200	-0.05
146290	-0.05
146380	-0.05
146470	-0.05
146560	-0.05
146650	-0.05
146740	-0.05
146830	-0.05
146920	-0.05
147010	-0.05
147100	-0.05
147190	-0.05
147280	-0.05
147370	-0.05
147460	-0.05
147550	-0.05
147640	-0.05
147730	-0.05
147820	-0.05
147910	-0.05
148000	-0.05
148090	-0.05
148180	-0.05
148270	-0.05
148360	-0.05
148450	-0.05
148540	-0.05
148630	-0.05
148720	-0.05
148810	-0.05
148900	-0.05
148990	-0.05
149080	-0.05
149170	-0.05
149260	-0.05
149350	-0.05
149440	-0.05
149530	-0.05
149620	-0.05
149710	-0.05
149800	-0.05
149890	-0.05
149980	-0.05
150070	-0.05
150160	-0.05
150250	-0.05
150340	-0.05
150430	-0.05
150520	-0.05
150610	-0.05
150700	-0.05
150790	-0.05
150880	-0.05
150970	-0.05
151060	-0.05
151150	-0.05
151240	-0.05
151330	-0.05
151420	-0.05
151510	-0.05
151600	-0.05
151690	-0.05
151780	-0.05
151870	-0.05
151960	-0.05
152050	-0.05
152140	-0.05
152230	-0.05
152320	-0.05
152410	-0.05
152500	-0.05
152590	-0.05
152680	-0.05
152770	-0.05
152860	-0.05
152950	-0.05
153040	-0.05
153130	-0.05
153220	-0.05
153310	-0.05
153400	-0.05
153490	-0.05
153580	-0.05
153670	-0.05
153760	-0.05
153850	-0.05
153940	-0.05
154030	-0.05
154120	-0.05
154210	-0.05
154300	-0.05
154390	-0.05
154480	-0.05
154570	-0.05
154660	-0.05
154750	-0.05
154840	-0.05
154930	-0.05
155020	-0.05
155110	-0.05
155200	-0.05
155290	-0.05
155380	-0.05
155470	-0.05
155560	-0.05
155650	-0.05
155740	-0.05
155830	-0.05
155920	-0.05
156010	-0.05
156100	-0.05
156190	-0.05
156280	-0.05
156370	-0.05
156460	-0.05
156550	-0.05
156640	-0.05
156730	-0.05
156820	-0.05
156910	-0.05
157000	-0.05
157090	-0.05
157180	-0.05
157270	-0.05
157360	-0.05
157450	-0.05
157540	-0.05
157630	-0.05
157720	-0.05
157810	-0.05
157900	-0.05
157990	-0.05
158080	-0.05
158170	-0.05
158260	-0.05
158350	-0.05
158440	-0.05
158530	-0.05
158620	-0.05
158710	-0.05
158800	-0.05
158890	-0.05
158980	-0.05
159070	-0.05
159160	-0.05
159250	-0.05
159340	-0.05
159430	-0.05
159520	-0.05
159610	-0.05
159700	-0.05
159790	-0.05
159880	-0.05
159970	-0.05
160060	-0.05
160150	-0.05
160240	-0.05
160330	-0.05
160420	-0.05
160510	-0.05
160600	-0.05
160690	-0.05
160780	-0.05
160870	-0.05
160960	-0.05
161050	-0.05
161140	-0.05
161230	-0.05
161320	-0.05
161410	-0.05
161500	-0.05
161590	-0.05
161680	-0.05
161770	-0.05
161860	-0.05
161950	-0.05
162040	-0.05
162130	-0.05
162220	-0.05
162310	-0.05
162400	-0.05
162490	-0.05
162580	-0.05
162670	-0.05
162760	-0.05
162850	-0.05
162940	-0.05
163030	-0.05
163120	-0.05
163210	-0.05
163300	-0.05
163390	-0.05
163480	-0.05
163570	-0.05
163660	-0.05
163750	-0.05
163840	-0.05
163930	-0.05
164020	-0.05
164110	-0.05
164200	-0.05
164290	-0.05
164380	-0.05
164470	-0.05
164560	-0.05
164650	-0.05
164740	-0.05
164830	-0.05
164920	-0.05
165010	-0.05
165100	-0.05
165190	-0.05
165280	-0.05
165370	-0.05
165460	-0.05
165550	-0.05
165640	-0.05
165730	-0.05
165820	-0.05
165910	-0.05
166000	-0.05
166090	-0.05
166180	-0.05
166270	-0.05
166360	-0.05
166450	-0.05
166540	-0.05
166630	-0.05
166720	-0.05
166810	-0.05
166900	-0.05
166990	-0.05
167080	-0.05
167170	-0.05
167260	-0.05
167350	-0.05
167440	-0.05
167530	-0.05
167620	-0.05
167710	-0.05
167800	-0.05
167890	-0.05
167980	-0.05
168070	-0.05
168160	-0.05
168250	-0.05
168340	-0.05
168430	-0.05
168520	-0.05
168610	-0.05
168700	-0.05
168790	-0.05
168880	-0.05
168970	-0.05
169060	-0.05
169150	-0.05
169240	-0.05
169330	-0.05
169420	-0.05
169510	-0.05
169600	-0.05
169690	-0.05
169780	-0.05
169870	-0.05
169960	-0.05
170050	-0.05
170140	-0.05
170230	-0.05
170320	-0.05
170410	-0.05
170500	-0.05
170590	-0.05
170680	-0.05
170770	-0.05
170860	-0.05
170950	-0.05
171040	-0.05
171130	-0.05
171220	-0.05
171310	-0.05
171400	-0.05
171490	-0.05
171580	-0.05
171670	-0.05
171760	-0.05
171850	-0.05
171940	-0.05
172030	-0.05
172120	-0.05
172210	-0.05
172300	-0.05
172390	-0.05
172480	-0.05
172570	-0.05
172660	-0.05
172750	-0.05
172840	-0.05
172930	-0.05
173020	-0.05
173110	-0.05
173200	-0.05
173290	-0.05
173380	-0.05
173470	-0.05
173560	-0.05
173650	-0.05
173740	-0.05
173830	-0.05
173920	-0.05
174010	-0.05
174100	-0.05
174190	-0.05
174280	-0.05
174370	-0.05
174460	-0.05
174550	-0.05
174640	-0.05
174730	-0.05
174820	-0.05
174910	-0.05
175000	-0.05
175090	-0.05
175180	-0.05
175270	-0.05
175360	-0.05
175450	-0.05
175540	-0.05
175630	-0.05
175720	-0.05
175810	-0.05
175900	-0.05
175990	-0.05
176080	-0.05
176170	-0.05
176260	-0.05
176350	-0.05
176440	-0.05
176530	-0.05
176620	-0.05
176710	-0.05
176800	-0.05
176890	-0.05
176980	-0.05
177070	-0.05
177160	-0.05
177250	-0.05
177340	-0.05
177430	-0.05
177520	-0.05
177610	-0.05
177700	-0.05
177790	-0.05
177880	-0.05
177970	-0.05
178060	-0.05
178150	-0.05
178240	-0.05
178330	-0.05
178420	-0.05
178510	-0.05
178600	-0.05
178690	-0.05
178780	-0.05
178870	-0.05
178960	-0.05
179050	-0.05
179140	-0.05
179230	-0.05
179320	-0.05
179410	-0.05
179500	-0.05
179590	-0.05
179680	-0.05
179770	-0.05
179860	-0.05
179950	-0.05
180040	-0.05
180130	-0.05
180220	-0.05
180310	-0.05
180400	-0.05
180490	-0.05
180580	-0.05
180670	-0.05
180760	-0.05
180850	-0.05
180940	-0.05
181030	-0.05
181120	-0.05
181210	-0.05
181300	-0.05
181390	-0.05
181480	-0.05
181570	-0.05
181660	-0.05
181750	-0.05
181840	-0.05
181930	-0.05
182020	-0.05
182110	-0.05
182200	-0.05
182290	-0.05
182380	-0.05
182470	-0.05
182560	-0.05
182650	-0.05
182740	-0.05
182830	-0.05
182920	-0.05
183010	-0.05
183100	-0.05
183190	-0.05
183280	-0.05
183370	-0.05
183460	-0.05
183550	-0.05
183640	-0.05
183730	-0.05
183820	-0.05
183910	-0.05
184000	-0.05
184090	-0.05
184180	-0.05
184270	-0.05
184360	-0.05
184450	-0.05
184540	-0.05
184630	-0.05
184720	-0.05
184810	-0.05
184900	-0.05
184990	-0.05
185080	-0.05
185170	-0.05
185260	-0.05
185350	-0.05
185440	-0.05
185530	-0.05
185620	-0.05
185710	-0.05
185800	-0.05
185890	-0.05
185980	-0.05
186070	-0.05
186160	-0.05
186250	-0.05
186340	-0.05
186430	-0.05
186520	-0.05
186610	-0.05
186700	-0.05
186790	-0.05
186880	-0.05
186970	-0.05
187060	-0.05
187150	-0.05
187240	-0.05
187330	-0.05
187420	-0.05
187510	-0.05
187600	-0.05
187690	-0.05
187780	-0.05
187870	-0.05
187960	-0.05
188050	-0.05
188140	-0.05
188230	-0.05
188320	-0.05
188410	-0.05
188500	-0.05
188590	-0.05
188680	-0.05
188770	-0.05
188860	-0.05
188950	-0.05
189040	-0.05
189130	-0.05
189220	-0.05
189310	-0.05
189400	-0.05
189490	-0.05
189580	-0.05
189670	-0.05
189760	-0.05
189850	-0.05
189940	-0.05
190030	-0.05
190120	-0.05
190210	-0.05
190300	-0.05
190390	-0.05
190480	-0.05
190570	-0.05
190660	-0.05
190750	-0.05
190840	-0.05
190930	-0.05
191020	-0.05
191110	-0.05
191200	-0.05
191290	-0.05
191380	-0.05
191470	-0.05
191560	-0.05
191650	-0.05
191740	-0.05
191830	-0.05
191920	-0.05
192010	-0.05
192100	-0.05
192190	-0.05
192280	-0.05
192370	-0.05
192460	-0.05
192550	-0.05
192640	-0.05
192730	-0.05
192820	-0.05
192910	-0.05
193000	-0.05
193090	-0.05
193180	-0.05
193270	-0.05
193360	-0.05
193450	-0.05
193540	-0.05
193630	-0.05
193720	-0.05
193810	-0.05
193900	-0.05
193990	-0.05
194080	-0.05
194170	-0.05
194260	-0.05
194350	-0.05
194440	-0.05
194530	-0.05
194620	-0.05
194710	-0.05
194800	-0.05
194890	-0.05
194980	-0.05
195070	-0.05
195160	-0.05
195250	-0.05
195340	-0.05
195430	-0.05
195520	-0.05
195610	-0.05
195700	-0.05
195790	-0.05
195880	-0.05
195970	-0.05
196060	-0.05
196150	-0.05
196240	-0.05
196330	-0.05
196420	-0.05
196510	-0.05
196600	-0.05
196690	-0.05
196780	-0.05
196870	-0.05
196960	-0.05
197050	-0.05
197140	-0.05
197230	-0.05
197320	-0.05
197410	-0.05
197500	-0.05
197590	-0.05
197680	-0.05
197770	-0.05
197860	-0.05
197950	-0.05
198040	-0.05
198130	-0.05
198220	-0.05
198310	-0.05
198400	-0.05
198490	-0.05
198580	-0.05
198670	-0.05
198760	-0.05
198850	-0.05
198940	-0.05
199030	-0.05
199120	-0.05
199210	-0.05
199300	-0.05
199390	-0.05
199480	-0.05
199570	-0.05
199660	-0.05
199750	-0.05
199840	-0.05
199930	-0.05
200020	-0.05
200110	-0.05
200200	-0.05
200290	-0.05
200380	-0.05
200470	-0.05
200560	-0.05
200650	-0.05
200740	-0.05
200830	-0.05
200920	-0.05
201010	-0.05
201100	-0.05
201190	-0.05
201280	-0.05
201370	-0.05
201460	-0.05
201550	-0.05
201640	-0.05
201730	-0.05
201820	-0.05
201910	-0.05
202000	-0.05
202090	-0.05
202180	-0.05
202270	-0.05
202360	-0.05
202450	-0.05
202540	-0.05
202630	-0.05
202720	-0.05
202810	-0.05
202900	-0.05
202990	-0.05
203080	-0.05
203170	-0.05
203260	-0.05
203350	-0.05
203440	-0.05
203530	-0.05
203620	-0.05
203710	-0.05
203800	-0.05
203890	-0.05
203980	-0.05
204070	-0.05
204160	-0.05
204250	-0.05
204340	-0.05
204430	-0.05
204520	-0.05
204610	-0.05
204700	-0.05
204790	-0.05
204880	-0.05
204970	-0.05
205060	-0.05
205150	-0.05
205240	-0.05
205330	-0.05
205420	-0.05
205510	-0.05
205600	-0.05
205690	-0.05
205780	-0.05
205870	-0.05
205960	-0.05
206050	-0.05
206140	-0.05
206230	-0.05
206320	-0.05
206410	-0.05
206500	-0.05
206590	-0.05
206680	-0.05
206770	-0.05
206860	-0.05
206950	-0.05
207040	-0.05
207130	-0.05
207220	-0.05
207310	-0.05
207400	-0.05
207490	-0.05
207580	-0.05
207670	-0.05
207760	-0.05
207850	-0.05
207940	-0.05
208030	-0.05
208120	-0.05
208210	-0.05
208300	-0.05
208390	-0.05
208480	-0.05
208570	-0.05
208660	-0.05
208750	-0.05
208840	-0.05
208930	-0.05
209020	-0.05
209110	-0.05
209200	-0.05
209290	-0.05
209380	-0.05
209470	-0.05
209560	-0.05
209650	-0.05
209740	-0.05
209830	-0.05
209920	-0.05
210010	-0.05
210100	-0.05
210190	-0.05
210280	-0.05
210370	-0.05
210460	-0.05
210550	-0.05
210640	-0.05
210730	-0.05
210820	-0.05
210910	-0.05
211000	-0.05
211090	-0.05
211180	-0.05
211270	-0.05
211360	-0.05
211450	-0.05
211540	-0.05
211630	-0.05
211720	-0.05
211810	-0.05
211900	-0.05
211990	-0.05
212080	-0.05
212170	-0.05
212260	-0.05
212350	-0.05
212440	-0.05
212530	-0.05
212620	-0.05
212710	-0.05
212800	-0.05
212890	-0.05
212980	-0.05
213070	-0.05
213160	-0.05
213250	-0.05
213340	-0.05
213430	-0.05
213520	-0.05
213610	-0.05
213700	-0.05
213790	-0.05
213880	-0.05
213970	-0.05
214060	-0.05
214150	-0.05
214240	-0.05
214330	-0.05
214420	-0.05
214510	-0.05
214600	-0.05
214690	-0.05
214780	-0.05
214870	-0.05
214960	-0.05
215050	-0.05
215140	-0.05
215230	-0.05
215320	-0.05
215410	-0.05
215500	-0.05
215590	-0.05
215680	-0.05
215770	-0.05
215860	-0.05
215950	-0.05
216040	-0.05
216130	-0.05
216220	-0.05
216310	-0.05
216400	-0.05
216490	-0.05
216580	-0.05
216670	-0.05
216760	-0.05
216850	-0.05
216940	-0.05
217030	-0.05
217120	-0.05
217210	-0.05
217300	-0.05
217390	-0.05
217480	-0.05
217570	-0.05
217660	-0.05
217750	-0.05
217840	-0.05
217930	-0.05
218020	-0.05
218110	-0.05
218200	-0.05
218290	-0.05
218380	-0.05
218470	-0.05
218560	-0.05
218650	-0.05
218740	-0.05
218830	-0.05
218920	-0.05
219010	-0.05
219100	-0.05
219190	-0.05
219280	-0.05
219370	-0.05
219460	-0.05
219550	-0.05
219640	-0.05
219730	-0.05
219820	-0.05
219910	-0.05
220000	-0.05
220090	-0.05
220180	-0.05
220270	-0.05
220360	-0.05
220450	-0.05
220540	-0.05
220630	-0.05
220720	-0.05
220810	-0.05
220900	-0.05
220990	-0.05
221080	-0.05
221170	-0.05
221260	-0.05
221350	-0.05
221440	-0.05
221530	-0.05
221620	-0.05
221710	-0.05
221800	-0.05
221890	-0.05
221980	-0.05
222070	-0.05
222160	-0.05
222250	-0.05
222340	-0.05
222430	-0.05
222520	-0.05
222610	-0.05
222700	-0.05
222790	-0.05
222880	-0.05
222970	-0.05
223060	-0.05
223150	-0.05
223240	-0.05
223330	-0.05
223420	-0.05
223510	-0.05
223600	-0.05
223690	-0.05
223780	-0.05
223870	-0.05
223960	-0.05
224050	-0.05
224140	-0.05
224230	-0.05
224320	-0.05
224410	-0.05
224500	-0.05
224590	-0.05
224680	-0.05
224770	-0.05
224860	-0.05
224950	-0.05
225040	-0.05
225130	-0.05
225220	-0.05
225310	-0.05
225400	-0.05
225490	-0.05
225580	-0.05
225670	-0.05
225760	-0.05
225850	-0.05
225940	-0.05
226030	-0.05
226120	-0.05
226210	-0.05
226300	-0.05
226390	-0.05
226480	-0.05
226570	-0.05
226660	-0.05
226750	-0.05
226840	-0.05
226930	-0.05
227020	-0.05
227110	-0.05
227200	-0.05
227290	-0.05
227380	-0.05
227470	-0.05
227560	-0.05
227650	-0.05
227740	-0.05
227830	-0.05
227920	-0.05
228010	-0.05
228100	-0.05
228190	-0.05
228280	-0.05
228370	-0.05
228460	-0.05
228550	-0.05
228640	-0.05
228730	-0.05
228820	-0.05
228910	-0.05
229000	-0.05
229090	-0.05
229180	-0.05
229270	-0.05
229360	-0.05
229450	-0.05
229540	-0.05
229630	-0.05
229720	-0.05
229810	-0.05
229900	-0.05
229990	-0.05
230080	-0.05
230170	-0.05
230260	-0.05
230350	-0.05
230440	-0.05
230530	-0.05
230620	-0.05
230710	-0.05
230800	-0.05
230890	-0.05
230980	-0.05
231070	-0.05
231160	-0.05
231250	-0.05
231340	-0.05
231430	-0.05
231520	-0.05
231610	-0.05
231700	-0.05
231790	-0.05
231880	-0.05
231970	-0.05
232060	-0.05
232150	-0.05
232240	-0.05
232330	-0.05
232420	-0.05
232510	-0.05
232600	-0.05
232690	-0.05
232780	-0.05
232870	-0.05
232960	-0.05
233050	-0.05
233140	-0.05
233230	-0.05
233320	-0.05
233410	-0.05
233500	-0.05
233590	-0.05
233680	-0.05
233770	-0.05
233860	-0.05
233950	-0.05
234040	-0.05
234130	-0.05
234220	-0.05
234310	-0.05
234400	-0.05
234490	-0.05
234580	-0.05
234670	-0.05
234760	-0.05
234850	-0.05
234940	-0.05
235030	-0.05
235120	-0.05
235210	-0.05
235300	-0.05
235390	-0.05
235480	-0.05
235570	-0.05
235660	-0.05
235750	-0.05
235840	-0.05
235930	-0.05
236020	-0.05
236110	-0.05
236200	-0.05
236290	-0.05
236380	-0.05
236470	-0.05
236560	-0.05
236650	-0.05
236740	-0.05
236830	-0.05
236920	-0.05
237010	-0.05
237100	-0.05
237190	-0.05
237280	-0.05
237370	-0.05
237460	-0.05
237550	-0.05
237640	-0.05
237730	-0.05
237820	-0.05
237910	-0.05
238000	-0.05
238090	-0.05
238180	-0.05
238270	-0.05
238360	-0.05
238450	-0.05
238540	-0.05
238630	-0.05
238720	-0.05
238810	-0.05
238900	-0.05
238990	-0.05
239080	-0.05
239170	-0.05
239260	-0.05
239350	-0.05
239440	-0.05
239530	-0.05
239620	-0.05
239710	-0.05
239800	-0.05
239890	-0.05
239980	-0.05
240070	-0.05
240160	-0.05
240250	-0.05
240340	-0.05
240430	-0.05
240520	-0.05
240610	-0.05
240700	-0.05
240790	-0.05
240880	-0.05
240970	-0.05
241060	-0.05
241150	-0.05
241240	-0.05
241330	-0.05
241420	-0.05
241510	-0.05
241600	-0.05
241690	-0.05
241780	-0.05
241870	-0.05
241960	-0.05
242050	-0.05
242140	-0.05
242230	-0.05
242320	-0.05
242410	-0.05
242500	-0.05
242590	-0.05
242680	-0.05
242770	-0.05
242860	-0.05
242950	-0.05
243040	-0.05
243130	-0.05
243220	-0.05
243310	-0.05
243400	-0.05
243490	-0.05
243580	-0.05
243670	-0.05
243760	-0.05
243850	-0.05
243940	-0.05
244030	-0.05
244120	-0.05
244210	-0.05
244300	-0.05
244390	-0.05
244480	-0.05
244570	-0.05
244660	-0.05
244750	-0.05
244840	-0.05
244930	-0.05
245020	-0.05
245110	-0.05
245200	-0.05
245290	-0.05
245380	-0.05
245470	-0.05
245560	-0.05
245650	-0.05
245740	-0.05
245830	-0.05
245920	-0.05
246010	-0.05
246100	-0.05
246190	-0.05
246280	-0.05
246370	-0.05
246460	-0.05
246550	-0.05
246640	-0.05
246730	-0.05
246820	-0.05
246910	-0.05
247000	-0.05
247090	-0.05
247180	-0.05
247270	-0.05
247360	-0.05
247450	-0.05
247540	-0.05
247630	-0.05
247720	-0.05
247810	-0.05
247900	-0.05
247990	-0.05
248080	-0.05
248170	-0.05
248260	-0.05
248350	-0.05
248440	-0.05
248530	-0.05
248620	-0.05
248710	-0.05
248800	-0.05
248890	-0.05
248980	-0.05
249070	-0.05
249160	-0.05
249250	-0.05
249340	-0.05
249430	-0.05
249520	-0.05
249610	-0.05
249700	-0.05
249790	-0.05
249880	-0.05
249970	-0.05
250060	-0.05
250150	-0.05
250240	-0.05
250330	-0.05
250420	-0.05
250510	-0.05
250600	-0.05
250690	-0.05
250780	-0.05
250870	-0.05
250960	-0.05
251050	-0.05
251140	-0.05
251230	-0.05
251320	-0.05
251410	-0.05
251500	-0.05
251590	-0.05
251680	-0.05
251770	-0.05
251860	-0.05
251950	-0.05
252040	-0.05
252130	-0.05
252220	-0.05
252310	-0.05
252400	-0.05
252490	-0.05
252580	-0.05
252670	-0.05
252760	-0.05
252850	-0.05
252940	-0.05
253030	-0.05
253120	-0.05
253210	-0.05
253300	-0.05
253390	-0.05
253480	-0.05
253570	-0.05
253660	-0.05
253750	-0.05
253840	-0.05
253930	-0.05
254020	-0.05
254110	-0.05
254200	-0.05
254290	-0.05
254380	-0.05
254470	-0.05
254560	-0.05
254650	-0.05
254740	-0.05
254830	-0.05
254920	-0.05
255010	-0.05
255100	-0.05
255190	-0.05
255280	-0.05
255370	-0.05
255460	-0.05
255550	-0.05
255640	-0.05
255730	-0.05
255820	-0.05
255910	-0.05
256000	-0.05
256090	-0.05
256180	-0.05
256270	-0.05
256360	-0.05
256450	-0.05
256540	-0.05
256630	-0.05
256720	-0.05
256810	-0.05
256900	-0.05
256990	-0.05
257080	-0.05
257170	-0.05
257260	-0.05
257350	-0.05
257440	-0.05
257530	-0.05
257620	-0.05
257710	-0.05
257800	-0.05
257890	-0.05
257980	-0.05
258070	-0.05
258160	-0.05
258250	-0.05
258340	-0.05
258430	-0.05
258520	-0.05
258610	-0.05
258700	-0.05
258790	-0.05
258880	-0.05
258970	-0.05
259060	-0.05
259150	-0.05
259240	-0.05
259330	-0.05
259420	-0.05
259510	-0.05
259600	-0.05
259690	-0.05
259780	-0.05
259870	-0.05
259960	-0.05
260050	-0.05
260140	-0.05
260230	-0.05
260320	-0.05
260410	-0.05
260500	-0.05
260590	-0.05
260680	-0.05
260770	-0.05
260860	-0.05
260950	-0.05
261040	-0.05
261130	-0.05
261220	-0.05
261310	-0.05
261400	-0.05
261490	-0.05
261580	-0.05
261670	-0.05
261760	-0.05
261850	-0.05
261940	-0.05
262030	-0.05
262120	-0.05
262210	-0.05
262300	-0.05
262390	-0.05
262480	-0.05
262570	-0.05
262660	-0.05
262750	-0.05
262840	-0.05
262930	-0.05
263020	-0.05
263110	-0.05
263200	-0.05
263290	-0.05
263380	-0.05
263470	-0.05
263560	-0.05
263650	-0.05
263740	-0.05
263830	-0.05
263920	-0.05
264010	-0.05
264100	-0.05
264190	-0.05
264280	-0.05
264370	-0.05
264460	-0.05
264550	-0.05
264640	-0.05
264730	-0.05
264820	-0.05
264910	-0.05
265000	-0.05
265090	-0.05
265180	-0.05
265270	-0.05
265360	-0.05
265450	-0.05
265540	-0.05
265630	-0.05
265720	-0.05
265810	-0.05
265900	-0.05
265990	-0.05
266080	-0.05
266170	-0.05
266260	-0.05
266350	-0.05
266440	-0.05
266530	-0.05
266620	-0.05
266710	-0.05
266800	-0.05
266890	-0.05
266980	-0.05
267070	-0.05
267160	-0.05
267250	-0.05
267340	-0.05
267430	-0.05
267520	-0.05
267610	-0.05
267700	-0.05
267790	-0.05
267880	-0.05
267970	-0.05
268060	-0.05
268150	-0.05
268240	-0.05
268330	-0.05
268420	-0.05
268510	-0.05
268600	-0.05
268690	-0.05
268780	-0.05
268870	-0.05
268960	-0.05
269050	-0.05
269140	-0.05
269230	-0.05
269320	-0.05
269410	-0.05
269500	-0.05
269590	-0.05
269680	-0.05
269770	-0.05
269860	-0.05
269950	-0.05
270040	-0.05
270130	-0.05
270220	-0.05
270310	-0.05
270400	-0.05
270490	-0.05
270580	-0.05
270670	-0.05
270760	-0.05
270850	-0.05
270940	-0.05
271030	-0.05
271120	-0.05
271210	-0.05
271300	-0.05
271390	-0.05
271480	-0.05
271570	-0.05
271660	-0.05
271750	-0.05
271840	-0.05
271930	-0.05
272020	-0.05
272110	-0.05
272200	-0.05
272290	-0.05
272380	-0.05
272470	-0.05
272560	-0.05
272650	-0.05
272740	-0.05
272830	-0.05
272920	-0.05
273010	-0.05
273100	-0.05
273190	-0.05
273280	-0.05
273370	-0.05
273460	-0.05
273550	-0.05
273640	-0.05
273730	-0.05
273820	-0.05
273910	-0.05
274000	-0.05
274090	-0.05
274180	-0.05
274270	-0.05
274360	-0.05
274450	-0.05
274540	-0.05
274630	-0.05
274720	-0.05
274810	-0.05
274900	-0.05
274990	-0.05
275080	-0.05
275170	-0.05
275260	-0.05
275350	-0.05
275440	-0.05
275530	-0.05
275620	-0.05
275710	-0.05
275800	-0.05
275890	-0.05
275980	-0.05
276070	-0.05
276160	-0.05
276250	-0.05
276340	-0.05
276430	-0.05
276520	-0.05
276610	-0.05
276700	-0.05
276790	-0.05
276880	-0.05
276970	-0.05
277060	-0.05
277150	-0.05
277240	-0.05
277330	-0.05
277420	-0.05
277510	-0.05
277600	-0.05
277690	-0.05
277780	-0.05
277870	-0.05
277960	-0.05
278050	-0.05
278140	-0.05
278230	-0.05
278320	-0.05
278410	-0.05
278500	-0.05
278590	-0.05
278680	-0.05
278770	-0.05
278860	-0.05
278950	-0.05
279040	-0.05
279130	-0.05
279220	-0.05
279310	-0.05
279400	-0.05
279490	-0.05
279580	-0.05
279670	-0.05
279760	-0.05
279850	-0.05
279940	-0.05
280030	-0.05
280120	-0.05
280210	-0.05
280300	-0.05
280390	-0.05
280480	-0.05
280570	-0.05
280660	-0.05
280750	-0.05
280840	-0.05
280930	-0.05
281020	-0.05
281110	-0.05
281200	-0.05
281290	-0.05
281380	-0.05
281470	-0.05
281560	-0.05
281650	-0.05
281740	-0.05
281830	-0.05
281920	-0.05
282010	-0.05
282100	-0.05
282190	-0.05
282280	-0.05
282370	-0.05
282460	-0.05
282550	-0.05
282640	-0.05
282730	-0.05
282820	-0.05
282910	-0.05
283000	-0.05
283090	-0.05
283180	-0.05
283270	-0.05
283360	-0.05
283450	-0.05
283540	-0.05
283630	-0.05
283720	-0.05
283810	-0.05
283900	-0.05
283990	-0.05
284080	-0.05
284170	-0.05
284260	-0.05
284350	-0.05
284440	-0.05
284530	-0.05
284620	-0.05
284710	-0.05
284800	-0.05
284890	-0.05
284980	-0.05
285070	-0.05
285160	-0.05
285250	-0.05
285340	-0.05
285430	-0.05
285520	-0.05
285610	-0.05
285700	-0.05
285790	-0.05
285880	-0.05
285970	-0.05
286060	-0.05
286150	-0.05
286240	-0.05
286330	-0.05
286420	-0.05
286510	-0.05
286600	-0.05
286690	-0.05
286780	-0.05
286870	-0.05
286960	-0.05
287050	-0.05
287140	-0.05
287230	-0.05
287320	-0.05
287410	-0.05
287500	-0.05
287590	-0.05
287680	-0.05
287770	-0.05
287860	-0.05
287950	-0.05
288040	-0.05
288130	-0.05
288220	-0.05
288310	-0.05
288400	-0.05
288490	-0.05
288580	-0.05
288670	-0.05
288760	-0.05
288850	-0.05
288940	-0.05
289030	-0.05
289120	-0.05
289210	-0.05
289300	-0.05
289390	-0.05
289480	-0.05
289570	-0.05
289660	-0.05
289750	-0.05
289840	-0.05
289930	-0.05
290020	-0.05
290110	-0.05
290200	-0.05
290290	-0.05
290380	-0.05
290470	-0.05
290560	-0.05
290650	-0.05
290740	-0.05
290830	-0.05
290920	-0.05
291010	-0.05
291100	-0.05
291190	-0.05
291280	-0.05
291370	-0.05
291460	-0.05
291550	-0.05
291640	-0.05
291730	-0.05
291820	-0.05
291910	-0.05
292000	-0.05
292090	-0.05
292180	-0.05
292270	-0.05
292360	-0.05
292450	-0.05
292540	-0.05
292630	-0.05
292720	-0.05
292810	-0.05
292900	-0.05
292990	-0.05
293080	-0.05
293170	-0.05
293260	-0.05
293350	-0.05
293440	-0.05
293530	-0.05
293620	-0.05
293710	-0.05
293800	-0.05
293890	-0.05
293980	-0.05
294070	-0.05
294160	-0.05
294250	-0.05
294340	-0.05
294430	-0.05
294520	-0.05
294610	-0.05
294700	-0.05
294790	-0.05
294880	-0.05
294970	-0.05
295060	-0.05
295150	-0.05
295240	-0.05
295330	-0.05
295420	-0.05
295510	-0.05
295600	-0.05
295690	-0.05
295780	-0.05
295870	-0.05
295960	-0.05
296050	-0.05
296140	-0.05
296230	-0.05
296320	-0.05
296410	-0.05
296500	-0.05
296590	-0.05
296680	-0.05
296770	-0.05
296860	-0.05
296950	-0.05
297040	-0.05
297130	-0.05
297220	-0.05
297310	-0.05
297400	-0.05
297490	-0.05
297580	-0.05
297670	-0.05
297760	-0.05
297850	-0.05
297940	-0.05
298030	-0.05
298120	-0.05
298210	-0.05
298300	-0.05
298390	-0.05
298480	-0.05
298570	-0.05
298660	-0.05
298750	-0.05
298840	-0.05
298930	-0.05
299020	-0.05
299110	-0.05
299200	-0.05
299290	-0.05
299380	-0.05
299470	-0.05
299560	-0.05
299650	-0.05
299740	-0.05
299830	-0.05
299920	-0.05
300010	-0.05
300100	-0.05
300190	-0.05
300280	-0.05
300370	-0.05
300460	-0.05
300550	-0.05
300640	-0.05
300730	-0.05
300820	-0.05
300910	-0.05
301000	-0.05
301090	-0.05
301180	-0.05
301270	-0.05
301360	-0.05
301450	-0.05
301540	-0.05
301630	-0.05
301720	-0.05
301810	-0.05
301900	-0.05
301990	-0.05
302080	-0.05
302170	-0.05
302260	-0.05
302350	-0.05
302440	-0.05
302530	-0.05
302620	-0.05
302710	-0.05
302800	-0.05
302890	-0.05
302980	-0.05
303070	-0.05
303160	-0.05
303250	-0.05
303340	-0.05
303430	-0.05
303520	-0.05
303610	-0.05
303700	-0.05
303790	-0.05
303880	-0.05
303970	-0.05
304060	-0.05
304150	-0.05
304240	-0.05
304330	-0.05
304420	-0.05
304510	-0.05
304600	-0.05
304690	-0.05
304780	-0.05
304870	-0.05
304960	-0.05
305050	-0.05
305140	-0.05
305230	-0.05
305320	-0.05
305410	-0.05
305500	-0.05
305590	-0.05
305680	-0.05
305770	-0.05
305860	-0.05
305950	-0.05
306040	-0.05
306130	-0.05
306220	-0.05
306310	-0.05
306400	-0.05
306490	-0.05
306580	-0.05
306670	-0.05
306760	-0.05
306850	-0.05
306940	-0.05
307030	-0.05
307120	-0.05
307210	-0.05
307300	-0.05
307390	-0.05
307480	-0.05
307570	-0.05
307660	-0.05
307750	-0.05
307840	-0.05
307930	-0.05
308020	-0.05
308110	-0.05
308200	-0.05
308290	-0.05
308380	-0.05
308470	-0.05
308560	-0.05
308650	-0.05
308740	-0.05
308830	-0.05
308920	-0.05
309010	-0.05
309100	-0.05
309190	-0.05
309280	-0.05
309370	-0.05
309460	-0.05
309550	-0.05
309640	-0.05
309730	-0.05
309820	-0.05
309910	-0.05
310000	-0.05
310090	-0.05
310180	-0.05
310270	-0.05
310360	-0.05
310450	-0.05
310540	-0.05
310630	-0.05
310720	-0.05
310810	-0.05
310900	-0.05
310990	-0.05
311080	-0.05
311170	-0.05
311260	-0.05
311350	-0.05
311440	-0.05
311530	-0.05
311620	-0.05
311710	-0.05
311800	-0.05
311890	-0.05
311980	-0.05
312070	-0.05
312160	-0.05
312250	-0.05
312340	-0.05
312430	-0.05
312520	-0.05
312610	-0.05
312700	-0.05
312790	-0.05
312880	-0.05
312970	-0.05
313060	-0.05
313150	-0.05
313240	-0.05
313330	-0.05
313420	-0.05
313510	-0.05
313600	-0.05
313690	-0.05
313780	-0.05
313870	-0.05
313960	-0.05
314050	-0.05
314140	-0.05
314230	-0.05
314320	-0.05
314410	-0.05
314500	-0.05
314590	-0.05
314680	-0.05
314770	-0.05
314860	-0.05
314950	-0.05
315040	-0.05
315130	-0.05
315220	-0.05
315310	-0.05
315400	-0.05
315490	-0.05
315580	-0.05
315670	-0.05
315760	-0.05
315850	-0.05
315940	-0.05
316030	-0.05
316120	-0.05
316210	-0.05
316300	-0.05
316390	-0.05
316480	-0.05
316570	-0.05
316660	-0.05
316750	-0.05
316840	-0.05
316930	-0.05
317020	-0.05
317110	-0.05
317200	-0.05
317290	-0.05
317380	-0.05
317470	-0.05
317560	-0.05
317650	-0.05
317740	-0.05
317830	-0.05
317920	-0.05
318010	-0.05
318100	-0.05
318190	-0.05
318280	-0.05
318370	-0.05
318460	-0.05
318550	-0.05
318640	-0.05
318730	-0.05
318820	-0.05
318910	-0.05
319000	-0.05
319090	-0.05
319180	-0.05
319270	-0.05
319360	-0.05
319450	-0.05
319540	-0.05
319630	-0.05
319720	-0.05
319810	-0.05
319900	-0.05
319990	-0.05
320080	-0.05
320170	-0.05
320260	-0.05
320350	-0.05
320440	-0.05
320530	-0.05
320620	-0.05
320710	-0.05
320800	-0.05
320890	-0.05
320980	-0.05
321070	-0.05
321160	-0.05
321250	-0.05
321340	-0.05
321430	-0.05
321520	-0.05
321610	-0.05
321700	-0.05
321790	-0.05
321880	-0.05
321970	-0.05
322060	-0.05
322150	-0.05
322240	-0.05
322330	-0.05
322420	-0.05
322510	-0.05
322600	-0.05
322690	-0.05
322780	-0.05
322870	-0.05
322960	-0.05
323050	-0.05
323140	-0.05
323230	-0.05
323320	-0.05
323410	-0.05
323500	-0.05
323590	-0.05
323680	-0.05
323770	-0.05
323860	-0.05
323950	-0.05
324040	-0.05
324130	-0.05
324220	-0.05
324310	-0.05
324400	-0.05
324490	-0.05
324580	-0.05
324670	-0.05
324760	-0.05
324850	-0.05
324940	-0.05
325030	-0.05
325120	-0.05
325210	-0.05
325300	-0.05
325390	-0.05
325480	-0.05
325570	-0.05
325660	-0.05
325750	-0.05
325840	-0.05
325930	-0.05
326020	-0.05
326110	-0.05
326200	-0.05
326290	-0.05
326380	-0.05
326470	-0.05
326560	-0.05
326650	-0.05
326740	-0.05
326830	-0.05
326920	-0.05
327010	-0.05
327100	-0.05
327190	-0.05
327280	-0.05
327370	-0.05
327460	-0.05
327550	-0.05
327640	-0.05
327730	-0.05
327820	-0.05
327910	-0.05
328000	-0.05
328090	-0.05
328180	-0.05
328270	-0.05
328360	-0.05
328450	-0.05
328540	-0.05
328630	-0.05
328720	-0.05
328810	-0.05
328900	-0.05
328990	-0.05
329080	-0.05
329170	-0.05
329260	-0.05
329350	-0.05
329440	-0.05
329530	-0.05
329620	-0.05
329710	-0.05
329800	-0.05
329890	-0.05
329980	-0.05
330070	-0.05
330160	-0.05
330250	-0.05
330340	-0.05
330430	-0.05
330520	-0.05
330610	-0.05
330700	-0.05
330790	-0.05
330880	-0.05
330970	-0.05
331060	-0.05
331150	-0.05
331240	-0.05
331330	-0.05
331420	-0.05
331510	-0.05
331600	-0.05
331690	-0.05
331780	-0.05
331870	-0.05
331960	-0.05
332050	-0.05
332140	-0.05
332230	-0.05
332320	-0.05
332410	-0.05
332500	-0.05
332590	-0.05
332680	-0.05
332770	-0.05
332860	-0.05
332950	-0.05
333040	-0.05
333130	-0.05
333220	-0.05
333310	-0.05
333400	-0.05
333490	-0.05
333580	-0.05
333670	-0.05
333760	-0.05
333850	-0.05
333940	-0.05
334030	-0.05
334120	-0.05
334210	-0.05
334300	-0.05
334390	-0.05
334480	-0.05
334570	-0.05
334660	-0.05
334750	-0.05
334840	-0.05
334930	-0.05
335020	-0.05
335110	-0.05
335200	-0.05
335290	-0.05
335380	-0.05
335470	-0.05
335560	-0.05
335650	-0.05
335740	-0.05
335830	-0.05
335920	-0.05
336010	-0.05
336100	-0.05
336190	-0.05
336280	-0.05
336370	-0.05
336460	-0.05
336550	-0.05
336640	-0.05
336730	-0.05
336820	-0.05
336910	-0.05
337000	-0.05
337090	-0.05
337180	-0.05
337270	-0.05
337360	-0.05
337450	-0.05
337540	-0.05
337630	-0.05
337720	-0.05
337810	-0.05
337900	-0.05
337990	-0.05
338080	-0.05
338170	-0.05
338260	-0.05
338350	-0.05
338440	-0.05
338530	-0.05
338620	-0.05
338710	-0.05
338800	-0.05
338890	-0.05
338980	-0.05
339070	-0.05
339160	-0.05
339250	-0.05
339340	-0.05
339430	-0.05
339520	-0.05
339610	-0.05
339700	-0.05
339790	-0.05
339880	-0.05
339970	-0.05
340060	-0.05
340150	-0.05
340240	-0.05
340330	-0.05
340420	-0.05
340510	-0.05
340600	-0.05
340690	-0.05
340780	-0.05
340870	-0.05
340960	-0.05
341050	-0.05
341140	-0.05
341230	-0.05
341320	-0.05
341410	-0.05
341500	-0.05
341590	-0.05
341680	-0.05
341770	-0.05
341860	-0.05
341950	-0.05
342040	-0.05
342130	-0.05
342220	-0.05
342310	-0.05
342400	-0.05
342490	-0.05
342580	-0.05
342670	-0.05
342760	-0.05
342850	-0.05
342940	-0.05
343030	-0.05
343120	-0.05
343210	-0.05
343300	-0.05
343390	-0.05
343480	-0.05
343570	-0.05
343660	-0.05
343750	-0.05
343840	-0.05
343930	-0.05
344020	-0.05
344110	-0.05
344200	-0.05
344290	-0.05
344380	-0.05
344470	-0.05
344560	-0.05
344650	-0.05
344740	-0.05
344830	-0.05
344920	-0.05
345010	-0.05
345100	-0.05
345190	-0.05
345280	-0.05
345370	-0.05
345460	-0.05
345550	-0.05
345640	-0.05
345730	-0.05
345820	-0.05
345910	-0.05
346000	-0.05
346090	-0.05
346180	-0.05
346270	-0.05
346360	-0.05
346450	-0.05
346540	-0.05
346630	-0.05
346720	-0.05
346810	-0.05
346900	-0.05
346990	-0.05
347080	-0.05
347170	-0.05
347260	-0.05
347350	-0.05
347440	-0.05
347530	-0.05
347620	-0.05
347710	-0.05
347800	-0.05
347890	-0.05
347980	-0.05
348070	-0.05
348160	-0.05
348250	-0.05
348340	-0.05
348430	-0.05
348520	-0.05
348610	-0.05
348700	-0.05
348790	-0.05
348880	-0.05
348970	-0.05
349060	-0.05
349150	-0.05
349240	-0.05
349330	-0.05
349420	-0.05
349510	-0.05
349600	-0.05
349690	-0.05
349780	-0.05
349870	-0.05
349960	-0.05
350050	-0.05
350140	-0.05
350230	-0.05
350320	-0.05
350410	-0.05
350500	-0.05
350590	-0.05
350680	-0.05
350770	-0.05
350860	-0.05
350950	-0.05
351040	-0.05
351130	-0.05
351220	-0.05
351310	-0.05
351400	-0.05
351490	-0.05
351580	-0.05
351670	-0.05
351760	-0.05
351850	-0.05
351940	-0.05
352030	-0.05
352120	-0.05
352210	-0.05
352300	-0.05
352390	-0.05
352480	-0.05
352570	-0.05
352660	-0.05
352750	-0.05
352840	-0.05
352930	-0.05
353020	-0.05
353110	-0.05
353200	-0.05
353290	-0.05
353380	-0.05
353470	-0.05
353560	-0.05
353650	-0.05
353740	-0.05
353830	-0.05
353920	-0.05
354010	-0.05
354100	-0.05
354190	-0.05
354280	-0.05
354370	-0.05
354460	-0.05
354550	-0.05
354640	-0.05
354730	-0.05
354820	-0.05
354910	-0.05
355000	-0.05
355090	-0.05
355180	-0.05
355270	-0.05
355360	-0.05
355450	-0.05
355540	-0.05
355630	-0.05
355720	-0.05
355810	-0.05
355900	-0.05
355990	-0.05
356080	-0.05
356170	-0.05
356260	-0.05
356350	-0.05
356440	-0.05
356530	-0.05
356620	-0.05
356710	-0.05
356800	-0.05
356890	-0.05
356980	-0.05
357070	-0.05
357160	-0.05
357250	-0.05
357340	-0.05
357430	-0.05
357520	-0.05
357610	-0.05
357700	-0.05
357790	-0.05
357880	-0.05
357970	-0.05
358060	-0.05
358150	-0.05
358240	-0.05
358330	-0.05
358420	-0.05
358510	-0.05
358600	-0.05
358690	-0.05
358780	-0.05
358870	-0.05
358960	-0.05
359050	-0.05
359140	-0.05
359230	-0.05
359320	-0.05
359410	-0.05
359500	-0.05
359590	-0.05
359680	-0.05
359770	-0.05
359860	-0.05
359950	-0.05
360040	-0.05
360130	-0.05
360220	-0.05
360310	-0.05
360400	-0.05
360490	-0.05
360580	-0.05
360670	-0.05
360760	-0.05
360850	-0.05
360940	-0.05
361030	-0.05
361120	-0.05
361210	-0.05
361300	-0.05
361390	-0.05
361480	-0.05
361570	-0.05
361660	-0.05
361750	-0.05
361840	-0.05
361930	-0.05
362020	-0.05
362110	-0.05
362200	-0.05
362290	-0.05
362380	-0.05
362470	-0.05
362560	-0.05
362650	-0.05
362740	-0.05
362830	-0.05
362920	-0.05
363010	-0.05
363100	-0.05
363190	-0.05
363280	-0.05
363370	-0.05
363460	-0.05
363550	-0.05
363640	-0.05
363730	-0.05
363820	-0.05
363910	-0.05
364000	-0.05
364090	-0.05
364180	-0.05
364270	-0.05
364360	-0.05
364450	-0.05
364540	-0.05
364630	-0.05
364720	-0.05
364810	-0.05
364900	-0.05
364990	-0.05
365080	-0.05
365170	-0.05
365260	-0.05
365350	-0.05
365440	-0.05
365530	-0.05
365620	-0.05
365710	-0.05
365800	-0.05
365890	-0.05
365980	-0.05
366070	-0.05
366160	-0.05
366250	-0.05
366340	-0.05
366430	-0.05
366520	-0.05
366610	-0.05
366700	-0.05
366790	-0.05
366880	-0.05
366970	-0.05
