t(s)	total_current(A)
0	-0.5
0.1	-0.5
0.3	-0.5
0.7	-0.5
1.5	-0.5
3.1	-0.5
6.3	-0.5
12.7	-0.5
25.5	-0.5
51.1	-0.5
102.3	-0.5
192.3	-0.5
282.3	-0.5
372.3	-0.5
462.3	-0.5
552.3	-0.5
642.3	-0.5
732.3	-0.5
822.3	-0.5
912.3	-0.5
1000	-0.5
1090	-0.5
1180	-0.5
1270	-0.5
1360	-0.5
1450	-0.5
1540	-0.5
1630	-0.5
1720	-0.5
1810	-0.5
1900	-0.5
1990	-0.5
2000	-0.5
2090	-0.5
2180	-0.5
2270	-0.5
2360	-0.5
2450	-0.5
2540	-0.5
2630	-0.5
2720	-0.5
2810	-0.5
2900	-0.5
2990	-0.5
3080	-0.5
3170	-0.5
3260	-0.5
3350	-0.5
3440	-0.5
3530	-0.5
3620	-0.5
3710	-0.5
3800	-0.5
3890	-0.5
3980	-0.5
4000	-0.5
4090	-0.5
4180	-0.5
4270	-0.5
4360	-0.5
4450	-0.5
4540	-0.5
4630	-0.5
4720	-0.5
4810	-0.5
4900	-0.5
4990	-0.5
5080	-0.5
5170	-0.5
5260	-0.5
5350	-0.5
5440	-0.5
5530	-0.5
5620	-0.5
5710	-0.5
5800	-0.5
5890	-0.5
5980	-0.5
6070	-0.5
6160	-0.5
6250	-0.5
6340	-0.5
6430	-0.5
6520	-0.5
6610	-0.5
6700	-0.5
6790	-0.5
6880	-0.5
6970	-0.5
7060	-0.5
7150	-0.5
7240	-0.5
7330	-0.5
7420	-0.5
7510	-0.5
7600	-0.5
7690	-0.5
7780	-0.5
7870	-0.5
7960	-0.5
8050	-0.5
8140	-0.5
8230	-0.5
8320	-0.5
8410	-0.5
8500	-0.5
8590	-0.5
8680	-0.5
8770	-0.5
8860	-0.5
8950	-0.5
9040	-0.5
9130	-0.5
9220	-0.5
9310	-0.5
9400	-0.5
9490	-0.5
9580	-0.5
9670	-0.5
9760	-0.5
9850	-0.5
9940	-0.5
10030	-0.5
10120	-0.5
10210	-0.5
10300	-0.5
10390	-0.5
10480	-0.5
10570	-0.5
10660	-0.5
10750	-0.5
10840	-0.5
10930	-0.5
11020	-0.5
11110	-0.5
11200	-0.5
11290	-0.5
11380	-0.5
11470	-0.5
11560	-0.5
11650	-0.5
11740	-0.5
11830	-0.5
11920	-0.5
12010	-0.5
12100	-0.5
12190	-0.5
12280	-0.5
12370	-0.5
12460	-0.5
12550	-0.5
12640	-0.5
12730	-0.5
12820	-0.5
12910	-0.5
13000	-0.5
13090	-0.5
13180	-0.5
13270	-0.5
13360	-0.5
13450	-0.5
13540	-0.5
13630	-0.5
13720	-0.5
13810	-0.5
13900	-0.5
13990	-0.5
14080	-0.5
14170	-0.5
14260	-0.5
14350	-0.5
14440	-0.5
14530	-0.5
14620	-0.5
14710	-0.5
14800	-0.5
14890	-0.5
14980	-0.5
15070	-0.5
15160	-0.5
15250	-0.5
15340	-0.5
15430	-0.5
15520	-0.5
15610	-0.5
15700	-0.5
15790	-0.5
15880	-0.5
15970	-0.5
16060	-0.5
16150	-0.5
16240	-0.5
16330	-0.5
16420	-0.5
16510	-0.5
16600	-0.5
16690	-0.5
16780	-0.5
16870	-0.5
16960	-0.5
17050	-0.5
17140	-0.5
17230	-0.5
17320	-0.5
17410	-0.5
17500	-0.5
17590	-0.5
17680	-0.5
17770	-0.5
17860	-0.5
17950	-0.5
18040	-0.5
18130	-0.5
18220	-0.5
18310	-0.5
18400	-0.5
18490	-0.5
18580	-0.5
18670	-0.5
18760	-0.5
18850	-0.5
18940	-0.5
19030	-0.5
19120	-0.5
19210	-0.5
19300	-0.5
19390	-0.5
19480	-0.5
19570	-0.5
19660	-0.5
19750	-0.5
19840	-0.5
19930	-0.5
20020	-0.5
20110	-0.5
20200	-0.5
20290	-0.5
20380	-0.5
20470	-0.5
20560	-0.5
20650	-0.5
20740	-0.5
20830	-0.5
20920	-0.5
21010	-0.5
21100	-0.5
21190	-0.5
21280	-0.5
21370	-0.5
21460	-0.5
21550	-0.5
21640	-0.5
21730	-0.5
21820	-0.5
21910	-0.5
22000	-0.5
22090	-0.5
22180	-0.5
22270	-0.5
22360	-0.5
22450	-0.5
22540	-0.5
22630	-0.5
22720	-0.5
22810	-0.5
22900	-0.5
22990	-0.5
23080	-0.5
23170	-0.5
23260	-0.5
23350	-0.5
23440	-0.5
23530	-0.5
23620	-0.5
23710	-0.5
23800	-0.5
23890	-0.5
23980	-0.5
24070	-0.5
24160	-0.5
24250	-0.5
24340	-0.5
24430	-0.5
24520	-0.5
24610	-0.5
24700	-0.5
24790	-0.5
24880	-0.5
24970	-0.5
25060	-0.5
25150	-0.5
25240	-0.5
25330	-0.5
25420	-0.5
25510	-0.5
25600	-0.5
25690	-0.5
25780	-0.5
25870	-0.5
25960	-0.5
26050	-0.5
26140	-0.5
26230	-0.5
26320	-0.5
26410	-0.5
26500	-0.5
26590	-0.5
26680	-0.5
26770	-0.5
26860	-0.5
26950	-0.5
27040	-0.5
27130	-0.5
27220	-0.5
27310	-0.5
27400	-0.5
27490	-0.5
27580	-0.5
27670	-0.5
27760	-0.5
27850	-0.5
27940	-0.5
28030	-0.5
28120	-0.5
28210	-0.5
28300	-0.5
28390	-0.5
28480	-0.5
28570	-0.5
28660	-0.5
28750	-0.5
28840	-0.5
28930	-0.5
29020	-0.5
29110	-0.5
29200	-0.5
29290	-0.5
29380	-0.5
29470	-0.5
29560	-0.5
29650	-0.5
29740	-0.5
29830	-0.5
29920	-0.5
30010	-0.5
30100	-0.5
30190	-0.5
30280	-0.5
30370	-0.5
30460	-0.5
30550	-0.5
30640	-0.5
30730	-0.5
30820	-0.5
30910	-0.5
31000	-0.5
31090	-0.5
31180	-0.5
31270	-0.5
31360	-0.5
31450	-0.5
31540	-0.5
31630	-0.5
31720	-0.5
31810	-0.5
31900	-0.5
31990	-0.5
32080	-0.5
32170	-0.5
32260	-0.5
32350	-0.5
32440	-0.5
32530	-0.5
32620	-0.5
32710	-0.5
32800	-0.5
32890	-0.5
32980	-0.5
33070	-0.5
33160	-0.5
33250	-0.5
33340	-0.5
33430	-0.5
33520	-0.5
33610	-0.5
33700	-0.5
33790	-0.5
33880	-0.5
33970	-0.5
34060	-0.5
34150	-0.5
34240	-0.5
34330	-0.5
34420	-0.5
34510	-0.5
34600	-0.5
34690	-0.5
34780	-0.5
34870	-0.5
34960	-0.5
35050	-0.5
35140	-0.5
35230	-0.5
35320	-0.5
35410	-0.5
35500	-0.5
35590	-0.5
35680	-0.5
35770	-0.5
35860	-0.5
35950	-0.5
36040	-0.5
36130	-0.5
36220	-0.5
36310	-0.5
36400	-0.5
36490	-0.5
36580	-0.5
