t(s)	total_current_estimated(A)
0	0
0.1	-0.5
0.2	-0.5
0.4	-0.5
0.8	-0.5
1.6	-0.5
3.2	-0.5
6.4	-0.5
12.8	-0.5
22.8	-0.5
32.8	-0.5
42.8	-0.5
52.8	-0.5
62.8	-0.5
72.8	-0.5
82.8	-0.5
92.8	-0.5
102.8	-0.5
112.8	-0.5
122.8	-0.5
132.8	-0.5
142.8	-0.5
152.8	-0.5
162.8	-0.5
172.8	-0.5
182.8	-0.5
192.8	-0.5
202.8	-0.5
212.8	-0.5
222.8	-0.5
232.8	-0.5
242.8	-0.5
252.8	-0.5
262.8	-0.5
272.8	-0.5
282.8	-0.5
292.8	-0.5
302.8	-0.5
312.8	-0.5
322.8	-0.5
332.8	-0.5
342.8	-0.5
352.8	-0.5
362.8	-0.5
372.8	-0.5
382.8	-0.5
392.8	-0.5
402.8	-0.5
412.8	-0.5
422.8	-0.5
432.8	-0.5
442.8	-0.5
452.8	-0.5
462.8	-0.5
472.8	-0.5
482.8	-0.5
492.8	-0.5
502.8	-0.5
512.8	-0.5
522.8	-0.5
532.8	-0.5
542.8	-0.5
552.8	-0.5
562.8	-0.5
572.8	-0.5
582.8	-0.5
592.8	-0.5
602.8	-0.5
612.8	-0.5
622.8	-0.5
632.8	-0.5
642.8	-0.5
652.8	-0.5
662.8	-0.5
672.8	-0.5
682.8	-0.5
692.8	-0.5
702.8	-0.5
712.8	-0.5
722.8	-0.5
732.8	-0.5
742.8	-0.5
752.8	-0.5
762.8	-0.5
772.8	-0.5
782.8	-0.5
792.8	-0.5
802.8	-0.5
812.8	-0.5
822.8	-0.5
832.8	-0.5
842.8	-0.5
852.8	-0.5
862.8	-0.5
872.8	-0.5
882.8	-0.5
892.8	-0.5
902.8	-0.5
912.8	-0.5
922.8	-0.5
932.8	-0.5
942.8	-0.5
952.8	-0.5
962.8	-0.5
972.8	-0.5
982.8	-0.5
992.8	-0.5
1000	-0.5
1010	-0.5
1020	-0.5
1030	-0.5
1040	-0.5
1050	-0.5
1060	-0.5
1070	-0.5
1080	-0.5
1090	-0.5
1100	-0.5
1110	-0.5
1120	-0.5
1130	-0.5
1140	-0.5
1150	-0.5
1160	-0.5
1170	-0.5
1180	-0.5
1190	-0.5
1200	-0.5
1210	-0.5
1220	-0.5
1230	-0.5
1240	-0.5
1250	-0.5
1260	-0.5
1270	-0.5
1280	-0.5
1290	-0.5
1300	-0.5
1310	-0.5
1320	-0.5
1330	-0.5
1340	-0.5
1350	-0.5
1360	-0.5
1370	-0.5
1380	-0.5
1390	-0.5
1400	-0.5
1410	-0.5
1420	-0.5
1430	-0.5
1440	-0.5
1450	-0.5
1460	-0.5
1470	-0.5
1480	-0.5
1490	-0.5
1500	-0.5
1510	-0.5
1520	-0.5
1530	-0.5
1540	-0.5
1550	-0.5
1560	-0.5
1570	-0.5
1580	-0.5
1590	-0.5
1600	-0.5
1610	-0.5
1620	-0.5
1630	-0.5
1640	-0.5
1650	-0.5
1660	-0.5
1670	-0.5
1680	-0.5
1690	-0.5
1700	-0.5
1710	-0.5
1720	-0.5
1730	-0.5
1740	-0.5
1750	-0.5
1760	-0.5
1770	-0.5
1780	-0.5
1790	-0.5
1800	-0.5
1810	-0.5
1820	-0.5
1830	-0.5
1840	-0.5
1850	-0.5
1860	-0.5
1870	-0.5
1880	-0.5
1890	-0.5
1900	-0.5
1910	-0.5
1920	-0.5
1930	-0.5
1940	-0.5
1950	-0.5
1960	-0.5
1970	-0.5
1980	-0.5
1990	-0.5
2000	-0.5
2010	-0.5
2020	-0.5
2030	-0.5
2040	-0.5
2050	-0.5
2060	-0.5
2070	-0.5
2080	-0.5
2090	-0.5
2100	-0.5
2110	-0.5
2120	-0.5
2130	-0.5
2140	-0.5
2150	-0.5
2160	-0.5
2170	-0.5
2180	-0.5
2190	-0.5
2200	-0.5
2210	-0.5
2220	-0.5
2230	-0.5
2240	-0.5
2250	-0.5
2260	-0.5
2270	-0.5
2280	-0.5
2290	-0.5
2300	-0.5
2310	-0.5
2320	-0.5
2330	-0.5
2340	-0.5
2350	-0.5
2360	-0.5
2370	-0.5
2380	-0.5
2390	-0.5
2400	-0.5
2410	-0.5
2420	-0.5
2430	-0.5
2440	-0.5
2450	-0.5
2460	-0.5
2470	-0.5
2480	-0.5
2490	-0.5
2500	-0.5
2510	-0.5
2520	-0.5
2530	-0.5
2540	-0.5
2550	-0.5
2560	-0.5
2570	-0.5
2580	-0.5
2590	-0.5
2600	-0.5
2610	-0.5
2620	-0.5
2630	-0.5
2640	-0.5
2650	-0.5
2660	-0.5
2670	-0.5
2680	-0.5
2690	-0.5
2700	-0.5
2710	-0.5
2720	-0.5
2730	-0.5
2740	-0.5
2750	-0.5
2760	-0.5
2770	-0.5
2780	-0.5
2790	-0.5
2800	-0.5
2810	-0.5
2820	-0.5
2830	-0.5
2840	-0.5
2850	-0.5
2860	-0.5
2870	-0.5
2880	-0.5
2890	-0.5
2900	-0.5
2910	-0.5
2920	-0.5
2930	-0.5
2940	-0.5
2950	-0.5
2960	-0.5
2970	-0.5
2980	-0.5
2990	-0.5
3000	-0.5
3010	-0.5
3020	-0.5
3030	-0.5
3040	-0.5
3050	-0.5
3060	-0.5
3070	-0.5
3080	-0.5
3090	-0.5
3100	-0.5
3110	-0.5
3120	-0.5
3130	-0.5
3140	-0.5
3150	-0.5
3160	-0.5
3170	-0.5
3180	-0.5
3190	-0.5
3200	-0.5
3210	-0.5
3220	-0.5
3230	-0.5
3240	-0.5
3250	-0.5
3260	-0.5
3270	-0.5
3280	-0.5
3290	-0.5
3300	-0.5
3310	-0.5
3320	-0.5
3330	-0.5
3340	-0.5
3350	-0.5
3360	-0.5
3370	-0.5
3380	-0.5
3390	-0.5
3400	-0.5
3410	-0.5
3420	-0.5
3430	-0.5
3440	-0.5
3450	-0.5
3460	-0.5
3470	-0.5
3480	-0.5
3490	-0.5
3500	-0.5
3510	-0.5
3520	-0.5
3530	-0.5
3540	-0.5
3550	-0.5
3560	-0.5
3570	-0.5
3580	-0.5
3590	-0.5
3600	-0.5
3610	-0.5
3620	-0.5
3630	-0.5
3640	-0.5
3650	-0.5
3660	-0.5
3670	-0.5
3680	-0.5
3690	-0.5
3700	-0.5
3710	-0.5
3720	-0.5
3730	-0.5
3740	-0.5
3750	-0.5
3760	-0.5
3770	-0.5
3780	-0.5
3790	-0.5
3800	-0.5
3810	-0.5
3820	-0.5
3830	-0.5
3840	-0.5
3850	-0.5
3860	-0.5
3870	-0.5
3880	-0.5
3890	-0.5
3900	-0.5
3910	-0.5
3920	-0.5
3930	-0.5
3940	-0.5
3950	-0.5
3960	-0.5
3970	-0.5
3980	-0.5
3990	-0.5
4000	-0.5
4010	-0.5
4020	-0.5
4030	-0.5
4040	-0.5
4050	-0.5
4060	-0.5
4070	-0.5
4080	-0.5
4090	-0.5
4100	-0.5
4110	-0.5
4120	-0.5
4130	-0.5
4140	-0.5
4150	-0.5
4160	-0.5
4170	-0.5
4180	-0.5
4190	-0.5
4200	-0.5
4210	-0.5
4220	-0.5
4230	-0.5
4240	-0.5
4250	-0.5
4260	-0.5
4270	-0.5
4280	-0.5
4290	-0.5
4300	-0.5
4310	-0.5
4320	-0.5
4330	-0.5
4340	-0.5
4350	-0.5
4360	-0.5
4370	-0.5
4380	-0.5
4390	-0.5
4400	-0.5
4410	-0.5
4420	-0.5
4430	-0.5
4440	-0.5
4450	-0.5
4460	-0.5
4470	-0.5
4480	-0.5
4490	-0.5
4500	-0.5
4510	-0.5
4520	-0.5
4530	-0.5
4540	-0.5
4550	-0.5
4560	-0.5
4570	-0.5
4580	-0.5
4590	-0.5
4600	-0.5
4610	-0.5
4620	-0.5
4630	-0.5
4640	-0.5
4650	-0.5
4660	-0.5
4670	-0.5
4680	-0.5
4690	-0.5
4700	-0.5
4710	-0.5
4720	-0.5
4730	-0.5
4740	-0.5
4750	-0.5
4760	-0.5
4770	-0.5
4780	-0.5
4790	-0.5
4800	-0.5
4810	-0.5
4820	-0.5
4830	-0.5
4840	-0.5
4850	-0.5
4860	-0.5
4870	-0.5
4880	-0.5
4890	-0.5
4900	-0.5
4910	-0.5
4920	-0.5
4930	-0.5
4940	-0.5
4950	-0.5
4960	-0.5
4970	-0.5
4980	-0.5
4990	-0.5
5000	-0.5
5010	-0.5
5020	-0.5
5030	-0.5
5040	-0.5
5050	-0.5
5060	-0.5
5070	-0.5
5080	-0.5
5090	-0.5
5100	-0.5
5110	-0.5
5120	-0.5
5130	-0.5
5140	-0.5
5150	-0.5
5160	-0.5
5170	-0.5
5180	-0.5
5190	-0.5
5200	-0.5
5210	-0.5
5220	-0.5
5230	-0.5
5240	-0.5
5250	-0.5
5260	-0.5
5270	-0.5
5280	-0.5
5290	-0.5
5300	-0.5
5310	-0.5
5320	-0.5
5330	-0.5
5340	-0.5
5350	-0.5
5360	-0.5
5370	-0.5
5380	-0.5
5390	-0.5
5400	-0.5
5410	-0.5
5420	-0.5
5430	-0.5
5440	-0.5
5450	-0.5
5460	-0.5
5470	-0.5
5480	-0.5
5490	-0.5
5500	-0.5
5510	-0.5
5520	-0.5
5530	-0.5
5540	-0.5
5550	-0.5
5560	-0.5
5570	-0.5
5580	-0.5
5590	-0.5
5600	-0.5
5610	-0.5
5620	-0.5
5630	-0.5
5640	-0.5
5650	-0.5
5660	-0.5
5670	-0.5
5680	-0.5
5690	-0.5
5700	-0.5
5710	-0.5
5720	-0.5
5730	-0.5
5740	-0.5
5750	-0.5
5760	-0.5
5770	-0.5
5780	-0.5
5790	-0.5
5800	-0.5
5810	-0.5
5820	-0.5
5830	-0.5
5840	-0.5
5850	-0.5
5860	-0.5
5870	-0.5
5880	-0.5
5890	-0.5
5900	-0.5
5910	-0.5
5920	-0.5
5930	-0.5
5940	-0.5
5950	-0.5
5960	-0.5
5970	-0.5
5980	-0.5
5990	-0.5
6000	-0.5
6010	-0.5
6020	-0.5
6030	-0.5
6040	-0.5
6050	-0.5
6060	-0.5
6070	-0.5
6080	-0.5
6090	-0.5
6100	-0.5
6110	-0.5
6120	-0.5
6130	-0.5
6140	-0.5
6150	-0.5
6160	-0.5
6170	-0.5
6180	-0.5
6190	-0.5
6200	-0.5
6210	-0.5
6220	-0.5
6230	-0.5
6240	-0.5
6250	-0.5
6260	-0.5
6270	-0.5
6280	-0.5
6290	-0.5
6300	-0.5
6310	-0.5
6320	-0.5
6330	-0.5
6340	-0.5
6350	-0.5
6360	-0.5
6370	-0.5
6380	-0.5
6390	-0.5
6400	-0.5
6410	-0.5
6420	-0.5
6430	-0.5
6440	-0.5
6450	-0.5
6460	-0.5
6470	-0.5
6480	-0.5
6490	-0.5
6500	-0.5
6510	-0.5
6520	-0.5
6530	-0.5
6540	-0.5
6550	-0.5
6560	-0.5
6570	-0.5
6580	-0.5
6590	-0.5
6600	-0.5
6610	-0.5
6620	-0.5
6630	-0.5
6640	-0.5
6650	-0.5
6660	-0.5
6670	-0.5
6680	-0.5
6690	-0.5
6700	-0.5
6710	-0.5
6720	-0.5
6730	-0.5
6740	-0.5
6750	-0.5
6760	-0.5
6770	-0.5
6780	-0.5
6790	-0.5
6800	-0.5
6810	-0.5
6820	-0.5
6830	-0.5
6840	-0.5
6850	-0.5
6860	-0.5
6870	-0.5
6880	-0.5
6890	-0.5
6900	-0.5
6910	-0.5
6920	-0.5
6930	-0.5
6940	-0.5
6950	-0.5
6960	-0.5
6970	-0.5
6980	-0.5
6990	-0.5
7000	-0.5
7010	-0.5
7020	-0.5
7030	-0.5
7040	-0.5
7050	-0.5
7060	-0.5
7070	-0.5
7080	-0.5
7090	-0.5
7100	-0.5
7110	-0.5
7120	-0.5
7130	-0.5
7140	-0.5
7150	-0.5
7160	-0.5
7170	-0.5
7180	-0.5
7190	-0.5
7200	-0.5
7210	-0.5
7220	-0.5
7230	-0.5
7240	-0.5
7250	-0.5
7260	-0.5
7270	-0.5
7280	-0.5
7290	-0.5
7300	-0.5
7310	-0.5
7320	-0.5
7330	-0.5
7340	-0.5
7350	-0.5
7360	-0.5
7370	-0.5
7380	-0.5
7390	-0.5
7400	-0.5
7410	-0.5
7420	-0.5
7430	-0.5
7440	-0.5
7450	-0.5
7460	-0.5
7470	-0.5
7480	-0.5
7490	-0.5
7500	-0.5
7510	-0.5
7520	-0.5
7530	-0.5
7540	-0.5
7550	-0.5
7560	-0.5
7570	-0.5
7580	-0.5
7590	-0.5
7600	-0.5
7610	-0.5
7620	-0.5
7630	-0.5
7640	-0.5
7650	-0.5
7660	-0.5
7670	-0.5
7680	-0.5
7690	-0.5
7700	-0.5
7710	-0.5
7720	-0.5
7730	-0.5
7740	-0.5
7750	-0.5
7760	-0.5
7770	-0.5
7780	-0.5
7790	-0.5
7800	-0.5
7810	-0.5
7820	-0.5
7830	-0.5
7840	-0.5
7850	-0.5
7860	-0.5
7870	-0.5
7880	-0.5
7890	-0.5
7900	-0.5
7910	-0.5
7920	-0.5
7930	-0.5
7940	-0.5
7950	-0.5
7960	-0.5
7970	-0.5
7980	-0.5
7990	-0.5
8000	-0.5
8010	-0.5
8020	-0.5
8030	-0.5
8040	-0.5
8050	-0.5
8060	-0.5
8070	-0.5
8080	-0.5
8090	-0.5
8100	-0.5
8110	-0.5
8120	-0.5
8130	-0.5
8140	-0.5
8150	-0.5
8160	-0.5
8170	-0.5
8180	-0.5
8190	-0.5
8200	-0.5
8210	-0.5
8220	-0.5
8230	-0.5
8240	-0.5
8250	-0.5
8260	-0.5
8270	-0.5
8280	-0.5
8290	-0.5
8300	-0.5
8310	-0.5
8320	-0.5
8330	-0.5
8340	-0.5
8350	-0.5
8360	-0.5
8370	-0.5
8380	-0.5
8390	-0.5
8400	-0.5
8410	-0.5
8420	-0.5
8430	-0.5
8440	-0.5
8450	-0.5
8460	-0.5
8470	-0.5
8480	-0.5
8490	-0.5
8500	-0.5
8510	-0.5
8520	-0.5
8530	-0.5
8540	-0.5
8550	-0.5
8560	-0.5
8570	-0.5
8580	-0.5
8590	-0.5
8600	-0.5
8610	-0.5
8620	-0.5
8630	-0.5
8640	-0.5
8650	-0.5
8660	-0.5
8670	-0.5
8680	-0.5
8690	-0.5
8700	-0.5
8710	-0.5
8720	-0.5
8730	-0.5
8740	-0.5
8750	-0.5
8760	-0.5
8770	-0.5
8780	-0.5
8790	-0.5
8800	-0.5
8810	-0.5
8820	-0.5
8830	-0.5
8840	-0.5
8850	-0.5
8860	-0.5
8870	-0.5
8880	-0.5
8890	-0.5
8900	-0.5
8910	-0.5
8920	-0.5
8930	-0.5
8940	-0.5
8950	-0.5
8960	-0.5
8970	-0.5
8980	-0.5
8990	-0.5
9000	-0.5
9010	-0.5
9020	-0.5
9030	-0.5
9040	-0.5
9050	-0.5
9060	-0.5
9070	-0.5
9080	-0.5
9090	-0.5
9100	-0.5
9110	-0.5
9120	-0.5
9130	-0.5
9140	-0.5
9150	-0.5
9160	-0.5
9170	-0.5
9180	-0.5
9190	-0.5
9200	-0.5
9210	-0.5
9220	-0.5
9230	-0.5
9240	-0.5
9250	-0.5
9260	-0.5
9270	-0.5
9280	-0.5
9290	-0.5
9300	-0.5
9310	-0.5
9320	-0.5
9330	-0.5
9340	-0.5
9350	-0.5
9360	-0.5
9370	-0.5
9380	-0.5
9390	-0.5
9400	-0.5
9410	-0.5
9420	-0.5
9430	-0.5
9440	-0.5
9450	-0.5
9460	-0.5
9470	-0.5
9480	-0.5
9490	-0.5
9500	-0.5
9510	-0.5
9520	-0.5
9530	-0.5
9540	-0.5
9550	-0.5
9560	-0.5
9570	-0.5
9580	-0.5
9590	-0.5
9600	-0.5
9610	-0.5
9620	-0.5
9630	-0.5
9640	-0.5
9650	-0.5
9660	-0.5
9670	-0.5
9680	-0.5
9690	-0.5
9700	-0.5
9710	-0.5
9720	-0.5
9730	-0.5
9740	-0.5
9750	-0.5
9760	-0.5
9770	-0.5
9780	-0.5
9790	-0.5
9800	-0.5
9810	-0.5
9820	-0.5
9830	-0.5
9840	-0.5
9850	-0.5
9860	-0.5
9870	-0.5
9880	-0.5
9890	-0.5
9900	-0.5
9910	-0.5
9920	-0.5
9930	-0.5
9940	-0.5
9950	-0.5
9960	-0.5
9970	-0.5
9980	-0.5
9990	-0.5
10000	-0.5
10010	-0.5
10020	-0.5
10030	-0.5
10040	-0.5
10050	-0.5
10060	-0.5
10070	-0.5
10080	-0.5
10090	-0.5
10100	-0.5
10110	-0.5
10120	-0.5
10130	-0.5
10140	-0.5
10150	-0.5
10160	-0.5
10170	-0.5
10180	-0.5
10190	-0.5
10200	-0.5
10210	-0.5
10220	-0.5
10230	-0.5
10240	-0.5
10250	-0.5
10260	-0.5
10270	-0.5
10280	-0.5
10290	-0.5
10300	-0.5
10310	-0.5
10320	-0.5
10330	-0.5
10340	-0.5
10350	-0.5
10360	-0.5
10370	-0.5
10380	-0.5
10390	-0.5
10400	-0.5
10410	-0.5
10420	-0.5
10430	-0.5
10440	-0.5
10450	-0.5
10460	-0.5
10470	-0.5
10480	-0.5
10490	-0.5
10500	-0.5
10510	-0.5
10520	-0.5
10530	-0.5
10540	-0.5
10550	-0.5
10560	-0.5
10570	-0.5
10580	-0.5
10590	-0.5
10600	-0.5
10610	-0.5
10620	-0.5
10630	-0.5
10640	-0.5
10650	-0.5
10660	-0.5
10670	-0.5
10680	-0.5
10690	-0.5
10700	-0.5
10710	-0.5
10720	-0.5
10730	-0.5
10740	-0.5
10750	-0.5
10760	-0.5
10770	-0.5
10780	-0.5
10790	-0.5
10800	-0.5
10810	-0.5
10820	-0.5
10830	-0.5
10840	-0.5
10850	-0.5
10860	-0.5
10870	-0.5
10880	-0.5
10890	-0.5
10900	-0.5
10910	-0.5
10920	-0.5
10930	-0.5
10940	-0.5
10950	-0.5
10960	-0.5
10970	-0.5
10980	-0.5
10990	-0.5
11000	-0.5
11010	-0.5
11020	-0.5
11030	-0.5
11040	-0.5
11050	-0.5
11060	-0.5
11070	-0.5
11080	-0.5
11090	-0.5
11100	-0.5
11110	-0.5
11120	-0.5
11130	-0.5
11140	-0.5
11150	-0.5
11160	-0.5
11170	-0.5
11180	-0.5
11190	-0.5
11200	-0.5
11210	-0.5
11220	-0.5
11230	-0.5
11240	-0.5
11250	-0.5
11260	-0.5
11270	-0.5
11280	-0.5
11290	-0.5
11300	-0.5
11310	-0.5
11320	-0.5
11330	-0.5
11340	-0.5
11350	-0.5
11360	-0.5
11370	-0.5
11380	-0.5
11390	-0.5
11400	-0.5
11410	-0.5
11420	-0.5
11430	-0.5
11440	-0.5
11450	-0.5
11460	-0.5
11470	-0.5
11480	-0.5
11490	-0.5
11500	-0.5
11510	-0.5
11520	-0.5
11530	-0.5
11540	-0.5
11550	-0.5
11560	-0.5
11570	-0.5
11580	-0.5
11590	-0.5
11600	-0.5
11610	-0.5
11620	-0.5
11630	-0.5
11640	-0.5
11650	-0.5
11660	-0.5
11670	-0.5
11680	-0.5
11690	-0.5
11700	-0.5
11710	-0.5
11720	-0.5
11730	-0.5
11740	-0.5
11750	-0.5
11760	-0.5
11770	-0.5
11780	-0.5
11790	-0.5
11800	-0.5
11810	-0.5
11820	-0.5
11830	-0.5
11840	-0.5
11850	-0.5
11860	-0.5
11870	-0.5
11880	-0.5
11890	-0.5
11900	-0.5
11910	-0.5
11920	-0.5
11930	-0.5
11940	-0.5
11950	-0.5
11960	-0.5
11970	-0.5
11980	-0.5
11990	-0.5
12000	-0.5
12010	-0.5
12020	-0.5
12030	-0.5
12040	-0.5
12050	-0.5
12060	-0.5
12070	-0.5
12080	-0.5
12090	-0.5
12100	-0.5
12110	-0.5
12120	-0.5
12130	-0.5
12140	-0.5
12150	-0.5
12160	-0.5
12170	-0.5
12180	-0.5
12190	-0.5
12200	-0.5
12210	-0.5
12220	-0.5
12230	-0.5
12240	-0.5
12250	-0.5
12260	-0.5
12270	-0.5
12280	-0.5
12290	-0.5
12300	-0.5
12310	-0.5
12320	-0.5
12330	-0.5
12340	-0.5
12350	-0.5
12360	-0.5
12370	-0.5
12380	-0.5
12390	-0.5
12400	-0.5
12410	-0.5
12420	-0.5
12430	-0.5
12440	-0.5
12450	-0.5
12460	-0.5
12470	-0.5
12480	-0.5
12490	-0.5
12500	-0.5
12510	-0.5
12520	-0.5
12530	-0.5
12540	-0.5
12550	-0.5
12560	-0.5
12570	-0.5
12580	-0.5
12590	-0.5
12600	-0.5
12610	-0.5
12620	-0.5
12630	-0.5
12640	-0.5
12650	-0.5
12660	-0.5
12670	-0.5
12680	-0.5
12690	-0.5
12700	-0.5
12710	-0.5
12720	-0.5
12730	-0.5
12740	-0.5
12750	-0.5
12760	-0.5
12770	-0.5
12780	-0.5
12790	-0.5
12800	-0.5
12810	-0.5
12820	-0.5
12830	-0.5
12840	-0.5
12850	-0.5
12860	-0.5
12870	-0.5
12880	-0.5
12890	-0.5
12900	-0.5
12910	-0.5
12920	-0.5
12930	-0.5
12940	-0.5
12950	-0.5
12960	-0.5
12970	-0.5
12980	-0.5
12990	-0.5
13000	-0.5
13010	-0.5
13020	-0.5
13030	-0.5
13040	-0.5
13050	-0.5
13060	-0.5
13070	-0.5
13080	-0.5
13090	-0.5
13100	-0.5
13110	-0.5
13120	-0.5
13130	-0.5
13140	-0.5
13150	-0.5
13160	-0.5
13170	-0.5
13180	-0.5
13190	-0.5
13200	-0.5
13210	-0.5
13220	-0.5
13230	-0.5
13240	-0.5
13250	-0.5
13260	-0.5
13270	-0.5
13280	-0.5
13290	-0.5
13300	-0.5
13310	-0.5
13320	-0.5
13330	-0.5
13340	-0.5
13350	-0.5
13360	-0.5
13370	-0.5
13380	-0.5
13390	-0.5
13400	-0.5
13410	-0.5
13420	-0.5
13430	-0.5
13440	-0.5
13450	-0.5
13460	-0.5
13470	-0.5
13480	-0.5
13490	-0.5
13500	-0.5
13510	-0.5
13520	-0.5
13530	-0.5
13540	-0.5
13550	-0.5
13560	-0.5
13570	-0.5
13580	-0.5
13590	-0.5
13600	-0.5
13610	-0.5
13620	-0.5
13630	-0.5
13640	-0.5
13650	-0.5
13660	-0.5
13670	-0.5
13680	-0.5
13690	-0.5
13700	-0.5
13710	-0.5
13720	-0.5
13730	-0.5
13740	-0.5
13750	-0.5
13760	-0.5
13770	-0.5
13780	-0.5
13790	-0.5
13800	-0.5
13810	-0.5
13820	-0.5
13830	-0.5
13840	-0.5
13850	-0.5
13860	-0.5
13870	-0.5
13880	-0.5
13890	-0.5
13900	-0.5
13910	-0.5
13920	-0.5
13930	-0.5
13940	-0.5
13950	-0.5
13960	-0.5
13970	-0.5
13980	-0.5
13990	-0.5
14000	-0.5
14010	-0.5
14020	-0.5
14030	-0.5
14040	-0.5
14050	-0.5
14060	-0.5
14070	-0.5
14080	-0.5
14090	-0.5
14100	-0.5
14110	-0.5
14120	-0.5
14130	-0.5
14140	-0.5
14150	-0.5
14160	-0.5
14170	-0.5
14180	-0.5
14190	-0.5
14200	-0.5
14210	-0.5
14220	-0.5
14230	-0.5
14240	-0.5
14250	-0.5
14260	-0.5
14270	-0.5
14280	-0.5
14290	-0.5
14300	-0.5
14310	-0.5
14320	-0.5
14330	-0.5
14340	-0.5
14350	-0.5
14360	-0.5
14370	-0.5
14380	-0.5
14390	-0.5
14400	-0.5
14410	-0.5
14420	-0.5
14430	-0.5
14440	-0.5
14450	-0.5
14460	-0.5
14470	-0.5
14480	-0.5
14490	-0.5
14500	-0.5
14510	-0.5
14520	-0.5
14530	-0.5
14540	-0.5
14550	-0.5
14560	-0.5
14570	-0.5
14580	-0.5
14590	-0.5
14600	-0.5
14610	-0.5
14620	-0.5
14630	-0.5
14640	-0.5
14650	-0.5
14660	-0.5
14670	-0.5
14680	-0.5
14690	-0.5
14700	-0.5
14710	-0.5
14720	-0.5
14730	-0.5
14740	-0.5
14750	-0.5
14760	-0.5
14770	-0.5
14780	-0.5
14790	-0.5
14800	-0.5
14810	-0.5
14820	-0.5
14830	-0.5
14840	-0.5
14850	-0.5
14860	-0.5
14870	-0.5
14880	-0.5
14890	-0.5
14900	-0.5
14910	-0.5
14920	-0.5
14930	-0.5
14940	-0.5
14950	-0.5
14960	-0.5
14970	-0.5
14980	-0.5
14990	-0.5
15000	-0.5
15010	-0.5
15020	-0.5
15030	-0.5
15040	-0.5
15050	-0.5
15060	-0.5
15070	-0.5
15080	-0.5
15090	-0.5
15100	-0.5
15110	-0.5
15120	-0.5
15130	-0.5
15140	-0.5
15150	-0.5
15160	-0.5
15170	-0.5
15180	-0.5
15190	-0.5
15200	-0.5
15210	-0.5
15220	-0.5
15230	-0.5
15240	-0.5
15250	-0.5
15260	-0.5
15270	-0.5
15280	-0.5
15290	-0.5
15300	-0.5
15310	-0.5
15320	-0.5
15330	-0.5
15340	-0.5
15350	-0.5
15360	-0.5
15370	-0.5
15380	-0.5
15390	-0.5
15400	-0.5
15410	-0.5
15420	-0.5
15430	-0.5
15440	-0.5
15450	-0.5
15460	-0.5
15470	-0.5
15480	-0.5
15490	-0.5
15500	-0.5
15510	-0.5
15520	-0.5
15530	-0.5
15540	-0.5
15550	-0.5
15560	-0.5
15570	-0.5
15580	-0.5
15590	-0.5
15600	-0.5
15610	-0.5
15620	-0.5
15630	-0.5
15640	-0.5
15650	-0.5
15660	-0.5
15670	-0.5
15680	-0.5
15690	-0.5
15700	-0.5
15710	-0.5
15720	-0.5
15730	-0.5
15740	-0.5
15750	-0.5
15760	-0.5
15770	-0.5
15780	-0.5
15790	-0.5
15800	-0.5
15810	-0.5
15820	-0.5
15830	-0.5
15840	-0.5
15850	-0.5
15860	-0.5
15870	-0.5
15880	-0.5
15890	-0.5
15900	-0.5
15910	-0.5
15920	-0.5
15930	-0.5
15940	-0.5
15950	-0.5
15960	-0.5
15970	-0.5
15980	-0.5
15990	-0.5
16000	-0.5
16010	-0.5
16020	-0.5
16030	-0.5
16040	-0.5
16050	-0.5
16060	-0.5
16070	-0.5
16080	-0.5
16090	-0.5
16100	-0.5
16110	-0.5
16120	-0.5
16130	-0.5
16140	-0.5
16150	-0.5
16160	-0.5
16170	-0.5
16180	-0.5
16190	-0.5
16200	-0.5
16210	-0.5
16220	-0.5
16230	-0.5
16240	-0.5
16250	-0.5
16260	-0.5
16270	-0.5
16280	-0.5
16290	-0.5
16300	-0.5
16310	-0.5
16320	-0.5
16330	-0.5
16340	-0.5
16350	-0.5
16360	-0.5
16370	-0.5
16380	-0.5
16390	-0.5
16400	-0.5
16410	-0.5
16420	-0.5
16430	-0.5
16440	-0.5
16450	-0.5
16460	-0.5
16470	-0.5
16480	-0.5
16490	-0.5
16500	-0.5
16510	-0.5
16520	-0.5
16530	-0.5
16540	-0.5
16550	-0.5
16560	-0.5
16570	-0.5
16580	-0.5
16590	-0.5
16600	-0.5
16610	-0.5
16620	-0.5
16630	-0.5
16640	-0.5
16650	-0.5
16660	-0.5
16670	-0.5
16680	-0.5
16690	-0.5
16700	-0.5
16710	-0.5
16720	-0.5
16730	-0.5
16740	-0.5
16750	-0.5
16760	-0.5
16770	-0.5
16780	-0.5
16790	-0.5
16800	-0.5
16810	-0.5
16820	-0.5
16830	-0.5
16840	-0.5
16850	-0.5
16860	-0.5
16870	-0.5
16880	-0.5
16890	-0.5
16900	-0.5
16910	-0.5
16920	-0.5
16930	-0.5
16940	-0.5
16950	-0.5
16960	-0.5
16970	-0.5
16980	-0.5
16990	-0.5
17000	-0.5
17010	-0.5
17020	-0.5
17030	-0.5
17040	-0.5
17050	-0.5
17060	-0.5
17070	-0.5
17080	-0.5
17090	-0.5
17100	-0.5
17110	-0.5
17120	-0.5
17130	-0.5
17140	-0.5
17150	-0.5
17160	-0.5
17170	-0.5
17180	-0.5
17190	-0.5
17200	-0.5
17210	-0.5
17220	-0.5
17230	-0.5
17240	-0.5
17250	-0.5
17260	-0.5
17270	-0.5
17280	-0.5
17290	-0.5
17300	-0.5
17310	-0.5
17320	-0.5
17330	-0.5
17340	-0.5
17350	-0.5
17360	-0.5
17370	-0.5
17380	-0.5
17390	-0.5
17400	-0.5
17410	-0.5
17420	-0.5
17430	-0.5
17440	-0.5
17450	-0.5
17460	-0.5
17470	-0.5
17480	-0.5
17490	-0.5
17500	-0.5
17510	-0.5
17520	-0.5
17530	-0.5
17540	-0.5
17550	-0.5
17560	-0.5
17570	-0.5
17580	-0.5
17590	-0.5
17600	-0.5
17610	-0.5
17620	-0.5
17630	-0.5
17640	-0.5
17650	-0.5
17660	-0.5
17670	-0.5
17680	-0.5
17690	-0.5
17700	-0.5
17710	-0.5
17720	-0.5
17730	-0.5
17740	-0.5
17750	-0.5
17760	-0.5
17770	-0.5
17780	-0.5
17790	-0.5
17800	-0.5
17810	-0.5
17820	-0.5
17830	-0.5
17840	-0.5
17850	-0.5
17860	-0.5
17870	-0.5
17880	-0.5
17890	-0.5
17900	-0.5
17910	-0.5
17920	-0.5
17930	-0.5
17940	-0.5
17950	-0.5
17960	-0.5
17970	-0.5
17980	-0.5
17990	-0.5
18000	-0.5
18010	-0.5
18020	-0.5
18030	-0.5
18040	-0.5
18050	-0.5
18060	-0.5
18070	-0.5
18080	-0.5
18090	-0.5
18100	-0.5
18110	-0.5
18120	-0.5
18130	-0.5
18140	-0.5
18150	-0.5
18160	-0.5
18170	-0.5
18180	-0.5
18190	-0.5
18200	-0.5
18210	-0.5
18220	-0.5
18230	-0.5
18240	-0.5
18250	-0.5
18260	-0.5
18270	-0.5
18280	-0.5
18290	-0.5
18300	-0.5
18310	-0.5
18320	-0.5
18330	-0.5
18340	-0.5
18350	-0.5
18360	-0.5
18370	-0.5
18380	-0.5
18390	-0.5
18400	-0.5
18410	-0.5
18420	-0.5
18430	-0.5
18440	-0.5
18450	-0.5
18460	-0.5
18470	-0.5
18480	-0.5
18490	-0.5
18500	-0.5
18510	-0.5
18520	-0.5
18530	-0.5
18540	-0.5
18550	-0.5
18560	-0.5
18570	-0.5
18580	-0.5
18590	-0.5
18600	-0.5
18610	-0.5
18620	-0.5
18630	-0.5
18640	-0.5
18650	-0.5
18660	-0.5
18670	-0.5
18680	-0.5
18690	-0.5
18700	-0.5
18710	-0.5
18720	-0.5
18730	-0.5
18740	-0.5
18750	-0.5
18760	-0.5
18770	-0.5
18780	-0.5
18790	-0.5
18800	-0.5
18810	-0.5
18820	-0.5
18830	-0.5
18840	-0.5
18850	-0.5
18860	-0.5
18870	-0.5
18880	-0.5
18890	-0.5
18900	-0.5
18910	-0.5
18920	-0.5
18930	-0.5
18940	-0.5
18950	-0.5
18960	-0.5
18970	-0.5
18980	-0.5
18990	-0.5
19000	-0.5
19010	-0.5
19020	-0.5
19030	-0.5
19040	-0.5
19050	-0.5
19060	-0.5
19070	-0.5
19080	-0.5
19090	-0.5
19100	-0.5
19110	-0.5
19120	-0.5
19130	-0.5
19140	-0.5
19150	-0.5
19160	-0.5
19170	-0.5
19180	-0.5
19190	-0.5
19200	-0.5
19210	-0.5
19220	-0.5
19230	-0.5
19240	-0.5
19250	-0.5
19260	-0.5
19270	-0.5
19280	-0.5
19290	-0.5
19300	-0.5
19310	-0.5
19320	-0.5
19330	-0.5
19340	-0.5
19350	-0.5
19360	-0.5
19370	-0.5
19380	-0.5
19390	-0.5
19400	-0.5
19410	-0.5
19420	-0.5
19430	-0.5
19440	-0.5
19450	-0.5
19460	-0.5
19470	-0.5
19480	-0.5
19490	-0.5
19500	-0.5
19510	-0.5
19520	-0.5
19530	-0.5
19540	-0.5
19550	-0.5
19560	-0.5
19570	-0.5
19580	-0.5
19590	-0.5
19600	-0.5
19610	-0.5
19620	-0.5
19630	-0.5
19640	-0.5
19650	-0.5
19660	-0.5
19670	-0.5
19680	-0.5
19690	-0.5
19700	-0.5
19710	-0.5
19720	-0.5
19730	-0.5
19740	-0.5
19750	-0.5
19760	-0.5
19770	-0.5
19780	-0.5
19790	-0.5
19800	-0.5
19810	-0.5
19820	-0.5
19830	-0.5
19840	-0.5
19850	-0.5
19860	-0.5
19870	-0.5
19880	-0.5
19890	-0.5
19900	-0.5
19910	-0.5
19920	-0.5
19930	-0.5
19940	-0.5
19950	-0.5
19960	-0.5
19970	-0.5
19980	-0.5
19990	-0.5
20000	-0.5
20010	-0.5
20020	-0.5
20030	-0.5
20040	-0.5
20050	-0.5
20060	-0.5
20070	-0.5
20080	-0.5
20090	-0.5
20100	-0.5
20110	-0.5
20120	-0.5
20130	-0.5
20140	-0.5
20150	-0.5
20160	-0.5
20170	-0.5
20180	-0.5
20190	-0.5
20200	-0.5
20210	-0.5
20220	-0.5
20230	-0.5
20240	-0.5
20250	-0.5
20260	-0.5
20270	-0.5
20280	-0.5
20290	-0.5
20300	-0.5
20310	-0.5
20320	-0.5
20330	-0.5
20340	-0.5
20350	-0.5
20360	-0.5
20370	-0.5
20380	-0.5
20390	-0.5
20400	-0.5
20410	-0.5
20420	-0.5
20430	-0.5
20440	-0.5
20450	-0.5
20460	-0.5
20470	-0.5
20480	-0.5
20490	-0.5
20500	-0.5
20510	-0.5
20520	-0.5
20530	-0.5
20540	-0.5
20550	-0.5
20560	-0.5
20570	-0.5
20580	-0.5
20590	-0.5
20600	-0.5
20610	-0.5
20620	-0.5
20630	-0.5
20640	-0.5
20650	-0.5
20660	-0.5
20670	-0.5
20680	-0.5
20690	-0.5
20700	-0.5
20710	-0.5
20720	-0.5
20730	-0.5
20740	-0.5
20750	-0.5
20760	-0.5
20770	-0.5
20780	-0.5
20790	-0.5
20800	-0.5
20810	-0.5
20820	-0.5
20830	-0.5
20840	-0.5
20850	-0.5
20860	-0.5
20870	-0.5
20880	-0.5
20890	-0.5
20900	-0.5
20910	-0.5
20920	-0.5
20930	-0.5
20940	-0.5
20950	-0.5
20960	-0.5
20970	-0.5
20980	-0.5
20990	-0.5
21000	-0.5
21010	-0.5
21020	-0.5
21030	-0.5
21040	-0.5
21050	-0.5
21060	-0.5
21070	-0.5
21080	-0.5
21090	-0.5
21100	-0.5
21110	-0.5
21120	-0.5
21130	-0.5
21140	-0.5
21150	-0.5
21160	-0.5
21170	-0.5
21180	-0.5
21190	-0.5
21200	-0.5
21210	-0.5
21220	-0.5
21230	-0.5
21240	-0.5
21250	-0.5
21260	-0.5
21270	-0.5
21280	-0.5
21290	-0.5
21300	-0.5
21310	-0.5
21320	-0.5
21330	-0.5
21340	-0.5
21350	-0.5
21360	-0.5
21370	-0.5
21380	-0.5
21390	-0.5
21400	-0.5
21410	-0.5
21420	-0.5
21430	-0.5
21440	-0.5
21450	-0.5
21460	-0.5
21470	-0.5
21480	-0.5
21490	-0.5
21500	-0.5
21510	-0.5
21520	-0.5
21530	-0.5
21540	-0.5
21550	-0.5
21560	-0.5
21570	-0.5
21580	-0.5
21590	-0.5
21600	-0.5
21610	-0.5
21620	-0.5
21630	-0.5
21640	-0.5
21650	-0.5
21660	-0.5
21670	-0.5
21680	-0.5
21690	-0.5
21700	-0.5
21710	-0.5
21720	-0.5
21730	-0.5
21740	-0.5
21750	-0.5
21760	-0.5
21770	-0.5
21780	-0.5
21790	-0.5
21800	-0.5
21810	-0.5
21820	-0.5
21830	-0.5
21840	-0.5
21850	-0.5
21860	-0.5
21870	-0.5
21880	-0.5
21890	-0.5
21900	-0.5
21910	-0.5
21920	-0.5
21930	-0.5
21940	-0.5
21950	-0.5
21960	-0.5
21970	-0.5
21980	-0.5
21990	-0.5
22000	-0.5
22010	-0.5
22020	-0.5
22030	-0.5
22040	-0.5
22050	-0.5
22060	-0.5
22070	-0.5
22080	-0.5
22090	-0.5
22100	-0.5
22110	-0.5
22120	-0.5
22130	-0.5
22140	-0.5
22150	-0.5
22160	-0.5
22170	-0.5
22180	-0.5
22190	-0.5
22200	-0.5
22210	-0.5
22220	-0.5
22230	-0.5
22240	-0.5
22250	-0.5
22260	-0.5
22270	-0.5
22280	-0.5
22290	-0.5
22300	-0.5
22310	-0.5
22320	-0.5
22330	-0.5
22340	-0.5
22350	-0.5
22360	-0.5
22370	-0.5
22380	-0.5
22390	-0.5
22400	-0.5
22410	-0.5
22420	-0.5
22430	-0.5
22440	-0.5
22450	-0.5
22460	-0.5
22470	-0.5
22480	-0.5
22490	-0.5
22500	-0.5
22510	-0.5
22520	-0.5
22530	-0.5
22540	-0.5
22550	-0.5
22560	-0.5
22570	-0.5
22580	-0.5
22590	-0.5
22600	-0.5
22610	-0.5
22620	-0.5
22630	-0.5
22640	-0.5
22650	-0.5
22660	-0.5
22670	-0.5
22680	-0.5
22690	-0.5
22700	-0.5
22710	-0.5
22720	-0.5
22730	-0.5
22740	-0.5
22750	-0.5
22760	-0.5
22770	-0.5
22780	-0.5
22790	-0.5
22800	-0.5
22810	-0.5
22820	-0.5
22830	-0.5
22840	-0.5
22850	-0.5
22860	-0.5
22870	-0.5
22880	-0.5
22890	-0.5
22900	-0.5
22910	-0.5
22920	-0.5
22930	-0.5
22940	-0.5
22950	-0.5
22960	-0.5
22970	-0.5
22980	-0.5
22990	-0.5
23000	-0.5
23010	-0.5
23020	-0.5
23030	-0.5
23040	-0.5
23050	-0.5
23060	-0.5
23070	-0.5
23080	-0.5
23090	-0.5
23100	-0.5
23110	-0.5
23120	-0.5
23130	-0.5
23140	-0.5
23150	-0.5
23160	-0.5
23170	-0.5
23180	-0.5
23190	-0.5
23200	-0.5
23210	-0.5
23220	-0.5
23230	-0.5
23240	-0.5
23250	-0.5
23260	-0.5
23270	-0.5
23280	-0.5
23290	-0.5
23300	-0.5
23310	-0.5
23320	-0.5
23330	-0.5
23340	-0.5
23350	-0.5
23360	-0.5
23370	-0.5
23380	-0.5
23390	-0.5
23400	-0.5
23410	-0.5
23420	-0.5
23430	-0.5
23440	-0.5
23450	-0.5
23460	-0.5
23470	-0.5
23480	-0.5
23490	-0.5
23500	-0.5
23510	-0.5
23520	-0.5
23530	-0.5
23540	-0.5
23550	-0.5
23560	-0.5
23570	-0.5
23580	-0.5
23590	-0.5
23600	-0.5
23610	-0.5
23620	-0.5
23630	-0.5
23640	-0.5
23650	-0.5
23660	-0.5
23670	-0.5
23680	-0.5
23690	-0.5
23700	-0.5
23710	-0.5
23720	-0.5
23730	-0.5
23740	-0.5
23750	-0.5
23760	-0.5
23770	-0.5
23780	-0.5
23790	-0.5
23800	-0.5
23810	-0.5
23820	-0.5
23830	-0.5
23840	-0.5
23850	-0.5
23860	-0.5
23870	-0.5
23880	-0.5
23890	-0.5
23900	-0.5
23910	-0.5
23920	-0.5
23930	-0.5
23940	-0.5
23950	-0.5
23960	-0.5
23970	-0.5
23980	-0.5
23990	-0.5
24000	-0.5
24010	-0.5
24020	-0.5
24030	-0.5
24040	-0.5
24050	-0.5
24060	-0.5
24070	-0.5
24080	-0.5
24090	-0.5
24100	-0.5
24110	-0.5
24120	-0.5
24130	-0.5
24140	-0.5
24150	-0.5
24160	-0.5
24170	-0.5
24180	-0.5
24190	-0.5
24200	-0.5
24210	-0.5
24220	-0.5
24230	-0.5
24240	-0.5
24250	-0.5
24260	-0.5
24270	-0.5
24280	-0.5
24290	-0.5
24300	-0.5
24310	-0.5
24320	-0.5
24330	-0.5
24340	-0.5
24350	-0.5
24360	-0.5
24370	-0.5
24380	-0.5
24390	-0.5
24400	-0.5
24410	-0.5
24420	-0.5
24430	-0.5
24440	-0.5
24450	-0.5
24460	-0.5
24470	-0.5
24480	-0.5
24490	-0.5
24500	-0.5
24510	-0.5
24520	-0.5
24530	-0.5
24540	-0.5
24550	-0.5
24560	-0.5
24570	-0.5
24580	-0.5
24590	-0.5
24600	-0.5
24610	-0.5
24620	-0.5
24630	-0.5
24640	-0.5
24650	-0.5
24660	-0.5
24670	-0.5
24680	-0.5
24690	-0.5
24700	-0.5
24710	-0.5
24720	-0.5
24730	-0.5
24740	-0.5
24750	-0.5
24760	-0.5
24770	-0.5
24780	-0.5
24790	-0.5
24800	-0.5
24810	-0.5
24820	-0.5
24830	-0.5
24840	-0.5
24850	-0.5
24860	-0.5
24870	-0.5
24880	-0.5
24890	-0.5
24900	-0.5
24910	-0.5
24920	-0.5
24930	-0.5
24940	-0.5
24950	-0.5
24960	-0.5
24970	-0.5
24980	-0.5
24990	-0.5
25000	-0.5
25010	-0.5
25020	-0.5
25030	-0.5
25040	-0.5
25050	-0.5
25060	-0.5
25070	-0.5
25080	-0.5
25090	-0.5
25100	-0.5
25110	-0.5
25120	-0.5
25130	-0.5
25140	-0.5
25150	-0.5
25160	-0.5
25170	-0.5
25180	-0.5
25190	-0.5
25200	-0.5
25210	-0.5
25220	-0.5
25230	-0.5
25240	-0.5
25250	-0.5
25260	-0.5
25270	-0.5
25280	-0.5
25290	-0.5
25300	-0.5
25310	-0.5
25320	-0.5
25330	-0.5
25340	-0.5
25350	-0.5
25360	-0.5
25370	-0.5
25380	-0.5
25390	-0.5
25400	-0.5
25410	-0.5
25420	-0.5
25430	-0.5
25440	-0.5
25450	-0.5
25460	-0.5
25470	-0.5
25480	-0.5
25490	-0.5
25500	-0.5
25510	-0.5
25520	-0.5
25530	-0.5
25540	-0.5
25550	-0.5
25560	-0.5
25570	-0.5
25580	-0.5
25590	-0.5
25600	-0.5
25610	-0.5
25620	-0.5
25630	-0.5
25640	-0.5
25650	-0.5
25660	-0.5
25670	-0.5
25680	-0.5
25690	-0.5
25700	-0.5
25710	-0.5
25720	-0.5
25730	-0.5
25740	-0.5
25750	-0.5
25760	-0.5
25770	-0.5
25780	-0.5
25790	-0.5
25800	-0.5
25810	-0.5
25820	-0.5
25830	-0.5
25840	-0.5
25850	-0.5
25860	-0.5
25870	-0.5
25880	-0.5
25890	-0.5
25900	-0.5
25910	-0.5
25920	-0.5
25930	-0.5
25940	-0.5
25950	-0.5
25960	-0.5
25970	-0.5
25980	-0.5
25990	-0.5
26000	-0.5
26010	-0.5
26020	-0.5
26030	-0.5
26040	-0.5
26050	-0.5
26060	-0.5
26070	-0.5
26080	-0.5
26090	-0.5
26100	-0.5
26110	-0.5
26120	-0.5
26130	-0.5
26140	-0.5
26150	-0.5
26160	-0.5
26170	-0.5
26180	-0.5
26190	-0.5
26200	-0.5
26210	-0.5
26220	-0.5
26230	-0.5
26240	-0.5
26250	-0.5
26260	-0.5
26270	-0.5
26280	-0.5
26290	-0.5
26300	-0.5
26310	-0.5
26320	-0.5
26330	-0.5
26340	-0.5
26350	-0.5
26360	-0.5
26370	-0.5
26380	-0.5
26390	-0.5
26400	-0.5
26410	-0.5
26420	-0.5
26430	-0.5
26440	-0.5
26450	-0.5
26460	-0.5
26470	-0.5
26480	-0.5
26490	-0.5
26500	-0.5
26510	-0.5
26520	-0.5
26530	-0.5
26540	-0.5
26550	-0.5
26560	-0.5
26570	-0.5
26580	-0.5
26590	-0.5
26600	-0.5
26610	-0.5
26620	-0.5
26630	-0.5
26640	-0.5
26650	-0.5
26660	-0.5
26670	-0.5
26680	-0.5
26690	-0.5
26700	-0.5
26710	-0.5
26720	-0.5
26730	-0.5
26740	-0.5
26750	-0.5
26760	-0.5
26770	-0.5
26780	-0.5
26790	-0.5
26800	-0.5
26810	-0.5
26820	-0.5
26830	-0.5
26840	-0.5
26850	-0.5
26860	-0.5
26870	-0.5
26880	-0.5
26890	-0.5
26900	-0.5
26910	-0.5
26920	-0.5
26930	-0.5
26940	-0.5
26950	-0.5
26960	-0.5
26970	-0.5
26980	-0.5
26990	-0.5
27000	-0.5
27010	-0.5
27020	-0.5
27030	-0.5
27040	-0.5
27050	-0.5
27060	-0.5
27070	-0.5
27080	-0.5
27090	-0.5
27100	-0.5
27110	-0.5
27120	-0.5
27130	-0.5
27140	-0.5
27150	-0.5
27160	-0.5
27170	-0.5
27180	-0.5
27190	-0.5
27200	-0.5
27210	-0.5
27220	-0.5
27230	-0.5
27240	-0.5
27250	-0.5
27260	-0.5
27270	-0.5
27280	-0.5
27290	-0.5
27300	-0.5
27310	-0.5
27320	-0.5
27330	-0.5
27340	-0.5
27350	-0.5
27360	-0.5
27370	-0.5
27380	-0.5
27390	-0.5
27400	-0.5
27410	-0.5
27420	-0.5
27430	-0.5
27440	-0.5
27450	-0.5
27460	-0.5
27470	-0.5
27480	-0.5
27490	-0.5
27500	-0.5
27510	-0.5
27520	-0.5
27530	-0.5
27540	-0.5
27550	-0.5
27560	-0.5
27570	-0.5
27580	-0.5
27590	-0.5
27600	-0.5
27610	-0.5
27620	-0.5
27630	-0.5
27640	-0.5
27650	-0.5
27660	-0.5
27670	-0.5
27680	-0.5
27690	-0.5
27700	-0.5
27710	-0.5
27720	-0.5
27730	-0.5
27740	-0.5
27750	-0.5
27760	-0.5
27770	-0.5
27780	-0.5
27790	-0.5
27800	-0.5
27810	-0.5
27820	-0.5
27830	-0.5
27840	-0.5
27850	-0.5
27860	-0.5
27870	-0.5
27880	-0.5
27890	-0.5
27900	-0.5
27910	-0.5
27920	-0.5
27930	-0.5
27940	-0.5
27950	-0.5
27960	-0.5
27970	-0.5
27980	-0.5
27990	-0.5
28000	-0.5
28010	-0.5
28020	-0.5
28030	-0.5
28040	-0.5
28050	-0.5
28060	-0.5
28070	-0.5
28080	-0.5
28090	-0.5
28100	-0.5
28110	-0.5
28120	-0.5
28130	-0.5
28140	-0.5
28150	-0.5
28160	-0.5
28170	-0.5
28180	-0.5
28190	-0.5
28200	-0.5
28210	-0.5
28220	-0.5
28230	-0.5
28240	-0.5
28250	-0.5
28260	-0.5
28270	-0.5
28280	-0.5
28290	-0.5
28300	-0.5
28310	-0.5
28320	-0.5
28330	-0.5
28340	-0.5
28350	-0.5
28360	-0.5
28370	-0.5
28380	-0.5
28390	-0.5
28400	-0.5
28410	-0.5
28420	-0.5
28430	-0.5
28440	-0.5
28450	-0.5
28460	-0.5
28470	-0.5
28480	-0.5
28490	-0.5
28500	-0.5
28510	-0.5
28520	-0.5
28530	-0.5
28540	-0.5
28550	-0.5
28560	-0.5
28570	-0.5
28580	-0.5
28590	-0.5
28600	-0.5
28610	-0.5
28620	-0.5
28630	-0.5
28640	-0.5
28650	-0.5
28660	-0.5
28670	-0.5
28680	-0.5
28690	-0.5
28700	-0.5
28710	-0.5
28720	-0.5
28730	-0.5
28740	-0.5
28750	-0.5
28760	-0.5
28770	-0.5
28780	-0.5
28790	-0.5
28800	-0.5
28810	-0.5
28820	-0.5
28830	-0.5
28840	-0.5
28850	-0.5
28860	-0.5
28870	-0.5
28880	-0.5
28890	-0.5
28900	-0.5
28910	-0.5
28920	-0.5
28930	-0.5
28940	-0.5
28950	-0.5
28960	-0.5
28970	-0.5
28980	-0.5
28990	-0.5
29000	-0.5
29010	-0.5
29020	-0.5
29030	-0.5
29040	-0.5
29050	-0.5
29060	-0.5
29070	-0.5
29080	-0.5
29090	-0.5
29100	-0.5
29110	-0.5
29120	-0.5
29130	-0.5
29140	-0.5
29150	-0.5
29160	-0.5
29170	-0.5
29180	-0.5
29190	-0.5
29200	-0.5
29210	-0.5
29220	-0.5
29230	-0.5
29240	-0.5
29250	-0.5
29260	-0.5
29270	-0.5
29280	-0.5
29290	-0.5
29300	-0.5
29310	-0.5
29320	-0.5
29330	-0.5
29340	-0.5
29350	-0.5
29360	-0.5
29370	-0.5
29380	-0.5
29390	-0.5
29400	-0.5
29410	-0.5
29420	-0.5
29430	-0.5
29440	-0.5
29450	-0.5
29460	-0.5
29470	-0.5
29480	-0.5
29490	-0.5
29500	-0.5
29510	-0.5
29520	-0.5
29530	-0.5
29540	-0.5
29550	-0.5
29560	-0.5
29570	-0.5
29580	-0.5
29590	-0.5
29600	-0.5
29610	-0.5
29620	-0.5
29630	-0.5
29640	-0.5
29650	-0.5
29660	-0.5
29670	-0.5
29680	-0.5
29690	-0.5
29700	-0.5
29710	-0.5
29720	-0.5
29730	-0.5
29740	-0.5
29750	-0.5
29760	-0.5
29770	-0.5
29780	-0.5
29790	-0.5
29800	-0.5
29810	-0.5
29820	-0.5
29830	-0.5
29840	-0.5
29850	-0.5
29860	-0.5
29870	-0.5
29880	-0.5
29890	-0.5
29900	-0.5
29910	-0.5
29920	-0.5
29930	-0.5
29940	-0.5
29950	-0.5
29960	-0.5
29970	-0.5
29980	-0.5
29990	-0.5
30000	-0.5
30010	-0.5
30020	-0.5
30030	-0.5
30040	-0.5
30050	-0.5
30060	-0.5
30070	-0.5
30080	-0.5
30090	-0.5
30100	-0.5
30110	-0.5
30120	-0.5
30130	-0.5
30140	-0.5
30150	-0.5
30160	-0.5
30170	-0.5
30180	-0.5
30190	-0.5
30200	-0.5
30210	-0.5
30220	-0.5
30230	-0.5
30240	-0.5
30250	-0.5
30260	-0.5
30270	-0.5
30280	-0.5
30290	-0.5
30300	-0.5
30310	-0.5
30320	-0.5
30330	-0.5
30340	-0.5
30350	-0.5
30360	-0.5
30370	-0.5
30380	-0.5
30390	-0.5
30400	-0.5
30410	-0.5
30420	-0.5
30430	-0.5
30440	-0.5
30450	-0.5
30460	-0.5
30470	-0.5
30480	-0.5
30490	-0.5
30500	-0.5
30510	-0.5
30520	-0.5
30530	-0.5
30540	-0.5
30550	-0.5
30560	-0.5
30570	-0.5
30580	-0.5
30590	-0.5
30600	-0.5
30610	-0.5
30620	-0.5
30630	-0.5
30640	-0.5
30650	-0.5
30660	-0.5
30670	-0.5
30680	-0.5
30690	-0.5
30700	-0.5
30710	-0.5
30720	-0.5
30730	-0.5
30740	-0.5
30750	-0.5
30760	-0.5
30770	-0.5
30780	-0.5
30790	-0.5
30800	-0.5
30810	-0.5
30820	-0.5
30830	-0.5
30840	-0.5
30850	-0.5
30860	-0.5
30870	-0.5
30880	-0.5
30890	-0.5
30900	-0.5
30910	-0.5
30920	-0.5
30930	-0.5
30940	-0.5
30950	-0.5
30960	-0.5
30970	-0.5
30980	-0.5
30990	-0.5
31000	-0.5
31010	-0.5
31020	-0.5
31030	-0.5
31040	-0.5
31050	-0.5
31060	-0.5
31070	-0.5
31080	-0.5
31090	-0.5
31100	-0.5
31110	-0.5
31120	-0.5
31130	-0.5
31140	-0.5
31150	-0.5
31160	-0.5
31170	-0.5
31180	-0.5
31190	-0.5
31200	-0.5
31210	-0.5
31220	-0.5
31230	-0.5
31240	-0.5
31250	-0.5
31260	-0.5
31270	-0.5
31280	-0.5
31290	-0.5
31300	-0.5
31310	-0.5
31320	-0.5
31330	-0.5
31340	-0.5
31350	-0.5
31360	-0.5
31370	-0.5
31380	-0.5
31390	-0.5
31400	-0.5
31410	-0.5
31420	-0.5
31430	-0.5
31440	-0.5
31450	-0.5
31460	-0.5
31470	-0.5
31480	-0.5
31490	-0.5
31500	-0.5
31510	-0.5
31520	-0.5
31530	-0.5
31540	-0.5
31550	-0.5
31560	-0.5
31570	-0.5
31580	-0.5
31590	-0.5
31600	-0.5
31610	-0.5
31620	-0.5
31630	-0.5
31640	-0.5
31650	-0.5
31660	-0.5
31670	-0.5
31680	-0.5
31690	-0.5
31700	-0.5
31710	-0.5
31720	-0.5
31730	-0.5
31740	-0.5
31750	-0.5
31760	-0.5
31770	-0.5
31780	-0.5
31790	-0.5
31800	-0.5
31810	-0.5
31820	-0.5
31830	-0.5
31840	-0.5
31850	-0.5
31860	-0.5
31870	-0.5
31880	-0.5
31890	-0.5
31900	-0.5
31910	-0.5
31920	-0.5
31930	-0.5
31940	-0.5
31950	-0.5
31960	-0.5
31970	-0.5
31980	-0.5
31990	-0.5
32000	-0.5
32010	-0.5
32020	-0.5
32030	-0.5
32040	-0.5
32050	-0.5
32060	-0.5
32070	-0.5
32080	-0.5
32090	-0.5
32100	-0.5
32110	-0.5
32120	-0.5
32130	-0.5
32140	-0.5
32150	-0.5
32160	-0.5
32170	-0.5
32180	-0.5
32190	-0.5
32200	-0.5
32210	-0.5
32220	-0.5
32230	-0.5
32240	-0.5
32250	-0.5
32260	-0.5
32270	-0.5
32280	-0.5
32290	-0.5
32300	-0.5
32310	-0.5
32320	-0.5
32330	-0.5
32340	-0.5
32350	-0.5
32360	-0.5
32370	-0.5
32380	-0.5
32390	-0.5
32400	-0.5
32410	-0.5
32420	-0.5
32430	-0.5
32440	-0.5
32450	-0.5
32460	-0.5
32470	-0.5
32480	-0.5
32490	-0.5
32500	-0.5
32510	-0.5
32520	-0.5
32530	-0.5
32540	-0.5
32550	-0.5
32560	-0.5
32570	-0.5
32580	-0.5
32590	-0.5
32600	-0.5
32610	-0.5
32620	-0.5
32630	-0.5
32640	-0.5
32650	-0.5
32660	-0.5
32670	-0.5
32680	-0.5
32690	-0.5
32700	-0.5
32710	-0.5
32720	-0.5
32730	-0.5
32740	-0.5
32750	-0.5
32760	-0.5
32770	-0.5
32780	-0.5
32790	-0.5
32800	-0.5
32810	-0.5
32820	-0.5
32830	-0.5
32840	-0.5
32850	-0.5
32860	-0.5
32870	-0.5
32880	-0.5
32890	-0.5
32900	-0.5
32910	-0.5
32920	-0.5
32930	-0.5
32940	-0.5
32950	-0.5
32960	-0.5
32970	-0.5
32980	-0.5
32990	-0.5
33000	-0.5
33010	-0.5
33020	-0.5
33030	-0.5
33040	-0.5
33050	-0.5
33060	-0.5
33070	-0.5
33080	-0.5
33090	-0.5
33100	-0.5
33110	-0.5
33120	-0.5
33130	-0.5
33140	-0.5
33150	-0.5
33160	-0.5
33170	-0.5
33180	-0.5
33190	-0.5
33200	-0.5
33210	-0.5
33220	-0.5
33230	-0.5
33240	-0.5
33250	-0.5
33260	-0.5
33270	-0.5
33280	-0.5
33290	-0.5
33300	-0.5
33310	-0.5
33320	-0.5
33330	-0.5
33340	-0.5
33350	-0.5
33360	-0.5
33370	-0.5
33380	-0.5
33390	-0.5
33400	-0.5
33410	-0.5
33420	-0.5
33430	-0.5
33440	-0.5
33450	-0.5
33460	-0.5
33470	-0.5
33480	-0.5
33490	-0.5
33500	-0.5
33510	-0.5
33520	-0.5
33530	-0.5
33540	-0.5
33550	-0.5
33560	-0.5
33570	-0.5
33580	-0.5
33590	-0.5
33600	-0.5
33610	-0.5
33620	-0.5
33630	-0.5
33640	-0.5
33650	-0.5
33660	-0.5
33670	-0.5
33680	-0.5
33690	-0.5
33700	-0.5
33710	-0.5
33720	-0.5
33730	-0.5
33740	-0.5
33750	-0.5
33760	-0.5
33770	-0.5
33780	-0.5
33790	-0.5
33800	-0.5
33810	-0.5
33820	-0.5
33830	-0.5
33840	-0.5
33850	-0.5
33860	-0.5
33870	-0.5
33880	-0.5
33890	-0.5
33900	-0.5
33910	-0.5
33920	-0.5
33930	-0.5
33940	-0.5
33950	-0.5
33960	-0.5
33970	-0.5
33980	-0.5
33990	-0.5
34000	-0.5
34010	-0.5
34020	-0.5
34030	-0.5
34040	-0.5
34050	-0.5
34060	-0.5
34070	-0.5
34080	-0.5
34090	-0.5
34100	-0.5
34110	-0.5
34120	-0.5
34130	-0.5
34140	-0.5
34150	-0.5
34160	-0.5
34170	-0.5
34180	-0.5
34190	-0.5
34200	-0.5
34210	-0.5
34220	-0.5
34230	-0.5
34240	-0.5
34250	-0.5
34260	-0.5
34270	-0.5
34280	-0.5
34290	-0.5
34300	-0.5
34310	-0.5
34320	-0.5
34330	-0.5
34340	-0.5
34350	-0.5
34360	-0.5
34370	-0.5
34380	-0.5
34390	-0.5
34400	-0.5
34410	-0.5
34420	-0.5
34430	-0.5
34440	-0.5
34450	-0.5
34460	-0.5
34470	-0.5
34480	-0.5
34490	-0.5
34500	-0.5
34510	-0.5
34520	-0.5
34530	-0.5
34540	-0.5
34550	-0.5
34560	-0.5
34570	-0.5
34580	-0.5
34590	-0.5
34600	-0.5
34610	-0.5
34620	-0.5
34630	-0.5
34640	-0.5
34650	-0.5
34660	-0.5
34670	-0.5
34680	-0.5
34690	-0.5
34700	-0.5
34710	-0.5
34720	-0.5
34730	-0.5
34740	-0.5
34750	-0.5
34760	-0.5
34770	-0.5
34780	-0.5
34790	-0.5
34800	-0.5
34810	-0.5
34820	-0.5
34830	-0.5
34840	-0.5
34850	-0.5
34860	-0.5
34870	-0.5
34880	-0.5
34890	-0.5
34900	-0.5
34910	-0.5
34920	-0.5
34930	-0.5
34940	-0.5
34950	-0.5
34960	-0.5
34970	-0.5
34980	-0.5
34990	-0.5
35000	-0.5
35010	-0.5
35020	-0.5
35030	-0.5
35040	-0.5
35050	-0.5
35060	-0.5
35070	-0.5
35080	-0.5
35090	-0.5
35100	-0.5
35110	-0.5
35120	-0.5
35130	-0.5
35140	-0.5
35150	-0.5
35160	-0.5
35170	-0.5
35180	-0.5
35190	-0.5
35200	-0.5
35210	-0.5
35220	-0.5
35230	-0.5
35240	-0.5
35250	-0.5
35260	-0.5
35270	-0.5
35280	-0.5
35290	-0.5
35300	-0.5
35310	-0.5
35320	-0.5
35330	-0.5
35340	-0.5
35350	-0.5
35360	-0.5
35370	-0.5
35380	-0.5
35390	-0.5
35400	-0.5
35410	-0.5
35420	-0.5
35430	-0.5
35440	-0.5
35450	-0.5
35460	-0.5
35470	-0.5
35480	-0.5
35490	-0.5
35500	-0.5
35510	-0.5
35520	-0.5
35530	-0.5
35540	-0.5
35550	-0.5
35560	-0.5
35570	-0.5
35580	-0.5
35590	-0.5
35600	-0.5
35610	-0.5
35620	-0.5
35630	-0.5
35640	-0.5
35650	-0.5
35660	-0.5
35670	-0.5
35680	-0.5
35690	-0.5
35700	-0.5
35710	-0.5
35720	-0.5
35730	-0.5
35740	-0.5
35750	-0.5
35760	-0.5
35770	-0.5
35780	-0.5
35790	-0.5
35800	-0.5
35810	-0.5
35820	-0.5
35830	-0.5
35840	-0.5
35850	-0.5
35860	-0.5
35870	-0.5
35880	-0.5
35890	-0.5
35900	-0.5
35910	-0.5
35920	-0.5
35930	-0.5
35940	-0.5
35950	-0.5
35960	-0.5
35970	-0.5
35980	-0.5
35990	-0.5
36000	-0.5
36010	-0.5
36020	-0.5
36030	-0.5
36040	-0.5
36050	-0.5
36060	-0.5
36070	-0.5
36080	-0.5
36090	-0.5
36100	-0.5
36110	-0.5
36120	-0.5
36130	-0.5
36140	-0.5
36150	-0.5
36160	-0.5
36170	-0.5
36180	-0.5
36190	-0.5
36200	-0.5
36210	-0.5
36220	-0.5
36230	-0.5
36240	-0.5
36250	-0.5
36260	-0.5
36270	-0.5
36280	-0.5
36290	-0.5
36300	-0.5
36310	-0.5
36320	-0.5
36330	-0.5
36340	-0.5
36350	-0.5
36360	-0.5
36370	-0.5
36380	-0.5
36390	-0.5
36400	-0.5
36410	-0.5
36420	-0.5
36430	-0.5
36440	-0.5
36450	-0.5
36460	-0.5
36470	-0.5
36480	-0.5
36490	-0.5
36500	-0.5
36510	-0.5
36520	-0.5
36530	-0.5
36540	-0.5
36550	-0.5
36560	-0.5
36570	-0.5
36580	-0.5
