x	t=0	t=100	t=200	t=400	t=800	t=1000	t=1200	t=1400	t=1600	t=2000	t=2100	t=2200	t=2300	t=2400	t=2500	t=3600	t=3660	t=4000	t=4100	t=4200	t=4400	t=4800	t=4900	t=5000	t=5100	t=5200	t=5300	t=5400	t=5500	t=5600	t=5700	t=5800	t=5900	t=6000	t=6090
0	0.00063583834	1.192109	1.1682258	1.1495112	1.1952079	1.3842614	1.6445754	1.3859824	1.2146136	1.3321951	1.4161943	1.5263215	1.6647464	1.8231424	1.9533038	-1.4598798	-1.2475146	-1.2471166	-1.1560905	-1.1574717	-1.3102267	-1.2066831	-1.140281	-1.0920671	-1.065153	-1.0657976	-1.0881308	-1.12317	-1.1665774	-1.2170022	-1.2747846	-1.3415233	-1.4198452	-1.5101763	-1.5823452
2.937931	0.00063583834	1.1931188	1.1693501	1.1507046	1.1965762	1.386006	1.6448672	1.3846551	1.2153794	1.3336069	1.4176904	1.5278544	1.6661063	1.8236052	1.9517909	-1.4598477	-1.248529	-1.2476574	-1.1568898	-1.1585208	-1.3112899	-1.2070096	-1.1407853	-1.0927494	-1.0659973	-1.0668116	-1.0893278	-1.1245535	-1.1681462	-1.2187562	-1.2767264	-1.3436528	-1.4221185	-1.5122754	-1.583073
5.8758621	0.00063583834	1.1961828	1.1727569	1.1543203	1.2007183	1.3912668	1.6455691	1.3807398	1.2177278	1.3378622	1.4221881	1.5324422	1.6701303	1.8249104	1.9471109	-1.4597704	-1.2515774	-1.2492883	-1.1593141	-1.1616995	-1.3144884	-1.2080083	-1.1423253	-1.0948255	-1.0685651	-1.0698912	-1.0929593	-1.1287475	-1.1728988	-1.2240664	-1.2826015	-1.3500897	-1.4289728	-1.5185263	-1.5849794
8.8137931	0.00063583834	1.2012942	1.1784327	1.160344	1.2076143	1.399984	1.6462217	1.374562	1.2217373	1.3449074	1.429608	1.5399552	1.6765861	1.8268291	1.9390252	-1.4596533	-1.2566338	-1.2520275	-1.1633846	-1.1670299	-1.3197894	-1.2097108	-1.144941	-1.0983381	-1.0728981	-1.0750791	-1.0990692	-1.1357973	-1.1808819	-1.2329812	-1.2924587	-1.3608757	-1.4404039	-1.5286837	-1.5871888
11.751724	0.00063583834	1.208442	1.1863563	1.1687527	1.2172324	1.4120565	1.64607	1.3666475	1.227525	1.3546546	1.4398178	1.5501744	1.6850809	1.8288731	1.9272064	-1.4594951	-1.2636554	-1.2558922	-1.1691413	-1.1745481	-1.3271435	-1.2121723	-1.148698	-1.1033583	-1.0790678	-1.0824476	-1.1077312	-1.1457788	-1.1921744	-1.2455817	-1.3063787	-1.3760771	-1.4563859	-1.5422526	-1.5881348
14.689655	0.00063583834	1.2176121	1.1965002	1.1795172	1.2295306	1.4273381	1.6441219	1.3576937	1.2352306	1.3669825	1.4526331	1.5627903	1.6950562	1.8299463	1.9110604	-1.4593206	-1.2725748	-1.260923	-1.1766407	-1.1843078	-1.3364727	-1.2154731	-1.1536933	-1.109986	-1.0871761	-1.092098	-1.1190491	-1.1587994	-1.2068872	-1.2619819	-1.3244737	-1.3957781	-1.476836	-1.5583325	-1.5854397
17.627586	0.00063583834	1.2287892	1.2088329	1.1926035	1.244459	1.445633	1.6392327	1.3485185	1.2449966	1.3817394	1.4678189	1.5773993	1.705783	1.8289467	1.889564	-1.4590949	-1.2832863	-1.2671507	-1.1859518	-1.1963756	-1.3476749	-1.2197161	-1.1600514	-1.1183525	-1.0973534	-1.1041624	-1.1331579	-1.1749979	-1.2251634	-1.282328	-1.3468844	-1.4200682	-1.5015453	-1.5753625	-1.5759394
20.565517	0.00063583834	1.2419577	1.223322	1.2079767	1.2619633	1.4666869	1.6302431	1.3399917	1.2569498	1.3987456	1.4850905	1.5935023	1.716367	1.8246346	1.8621381	-1.4588141	-1.2956827	-1.2746372	-1.197172	-1.2108293	-1.3606175	-1.2250344	-1.1679267	-1.128621	-1.109763	-1.1188043	-1.1502242	-1.1945457	-1.2471794	-1.3067989	-1.373777	-1.449018	-1.5300473	-1.5907275	-1.5560548
23.503448	0.00063583834	1.2571044	1.2399369	1.2256035	1.2819875	1.4901722	1.6161694	1.3329824	1.2711863	1.4177964	1.5041134	1.6105005	1.7257573	1.8157273	1.8284797	-1.4585002	-1.3096795	-1.2834454	-1.2104061	-1.2277629	-1.3751348	-1.2315907	-1.17751	-1.1409864	-1.1246004	-1.1362197	-1.1704471	-1.2176473	-1.2731453	-1.3356046	-1.405334	-1.4826306	-1.5613696	-1.6003043	-1.5228235
26.441379	0.00063583834	1.2742203	1.2586523	1.2454562	1.3044773	1.5156622	1.5963984	1.3282754	1.2877633	1.4386631	1.5245012	1.6276881	1.7327681	1.8010313	1.7886553	-1.4581949	-1.3251777	-1.2936657	-1.225793	-1.2472782	-1.3910241	-1.2395832	-1.189024	-1.1556812	-1.1420962	-1.1566387	-1.1940604	-1.244542	-1.3033045	-1.3689841	-1.4417379	-1.5207432	-1.593572	-1.5982872	-1.4755327
29.37931	0.00063583834	1.2933026	1.2794516	1.267516	1.3293829	1.542594	1.5708705	1.3265347	1.3066983	1.4610913	1.5458051	1.6442378	1.7361028	1.7795598	1.7431225	-1.4579716	-1.34212	-1.3054073	-1.2434829	-1.2694854	-1.4080489	-1.2492448	-1.2027317	-1.1729752	-1.1625173	-1.1803269	-1.2213328	-1.2755036	-1.3379341	-1.4071999	-1.4831361	-1.5628245	-1.6229617	-1.5781055	-1.417154
32.317241	0.00063583834	1.3143579	1.3023298	1.2917765	1.3566599	1.5702049	1.5401628	1.3282776	1.3279726	1.4847947	1.5674995	1.6591847	1.7344042	1.750666	1.692691	-1.4579289	-1.3604428	-1.3187831	-1.2636642	-1.2944962	-1.425935	-1.2608508	-1.2189394	-1.1931795	-1.1861701	-1.207587	-1.2525696	-1.3108424	-1.3773438	-1.4505255	-1.5295656	-1.607549	-1.6430357	-1.5352804	-1.3542418
35.255172	0.00063583834	1.3374033	1.3272961	1.318246	1.3862698	1.5974539	1.505491	1.3338602	1.3515406	1.5094435	1.5889558	1.6714049	1.7263298	1.7141365	1.6384363	-1.4581835	-1.3801056	-1.3339522	-1.2865374	-1.3224208	-1.4443753	-1.2747241	-1.2379962	-1.216649	-1.2134017	-1.2387615	-1.2881144	-1.3509045	-1.4218713	-1.4992193	-1.5807863	-1.6519322	-1.6439927	-1.4714196	-1.2949099
38.193103	0.00063583834	1.3624696	1.3543769	1.3469512	1.4181765	1.6229212	1.4685772	1.3435059	1.3773395	1.5346449	1.6094117	1.6796124	1.7106612	1.6702474	1.5815826	-1.4588554	-1.4010972	-1.3510804	-1.3123421	-1.3533578	-1.4630377	-1.2912359	-1.2603046	-1.2437884	-1.2446043	-1.2742339	-1.32835	-1.3960723	-1.4718739	-1.5534632	-1.6359007	-1.6897481	-1.6152233	-1.3957989	-1.2463561
41.131034	0.00063583834	1.3896028	1.3836178	1.3779386	1.4523399	1.6447233	1.4314626	1.3573214	1.4052982	1.5599169	1.6279314	1.6823731	1.6864543	1.6197641	1.5233999	-1.4600793	-1.4234103	-1.3703811	-1.3413376	-1.3873825	-1.4815765	-1.3108164	-1.2863226	-1.2750532	-1.2802175	-1.314431	-1.3736996	-1.4467612	-1.5277067	-1.6132203	-1.6924841	-1.7095427	-1.5526756	-1.3218977	-1.2135013
44.068966	0.00063583834	1.4188663	1.4150856	1.4112772	1.4887031	1.6604981	1.396287	1.3753198	1.4353437	1.5846531	1.6433734	1.6781782	1.6532156	1.5638822	1.4651143	-1.4620149	-1.4470534	-1.3921011	-1.3738243	-1.4245334	-1.499653	-1.3339608	-1.3165717	-1.3109577	-1.3207303	-1.3598246	-1.4246263	-1.5034128	-1.5896711	-1.677884	-1.7447	-1.6952231	-1.4660143	-1.2616107	-1.1987852
47.006897	0.00063583834	1.4503431	1.4488703	1.4470604	1.5271697	1.667573	1.365075	1.3974405	1.467406	1.6080803	1.6543699	1.6655796	1.6110468	1.5041117	1.4078492	-1.4647648	-1.4720629	-1.4165064	-1.4101171	-1.4647936	-1.5169536	-1.3612374	-1.3516446	-1.3520789	-1.3666864	-1.4109331	-1.4816325	-1.5664767	-1.6578855	-1.7454007	-1.780047	-1.6353606	-1.3756028	-1.2221557	-1.2024777
49.944828	0.00063583834	1.4841379	1.4850878	1.4854082	1.5675657	1.6633987	1.3395582	1.4235648	1.5014202	1.6292123	1.6593486	1.6433972	1.5607273	1.4421261	1.3525805	-1.4684845	-1.4984981	-1.4439327	-1.4505628	-1.5080672	-1.5332198	-1.3932983	-1.3922118	-1.399062	-1.4186861	-1.4683229	-1.5452533	-1.6363642	-1.7319475	-1.8101205	-1.7775313	-1.5382434	-1.3008203	-1.2062034	-1.2231553
52.882759	0.00063583834	1.52038	1.5238817	1.5264699	1.6095744	1.6462658	1.3210414	1.4535302	1.5373262	1.6468019	1.6566066	1.6109606	1.5036588	1.3795851	1.3001032	-1.4733101	-1.5264092	-1.4747657	-1.4955241	-1.5541532	-1.5482779	-1.4308929	-1.4390336	-1.4526267	-1.4773891	-1.5326067	-1.6160408	-1.7133252	-1.8100154	-1.8583314	-1.7178476	-1.4319615	-1.252678	-1.2131102	-1.2583468
55.82069	0.00063583834	1.5592257	1.5654266	1.5704268	1.6526285	1.6160241	1.3103283	1.4871499	1.5750652	1.6593022	1.644464	1.5683064	1.4416834	1.3179848	1.2510103	-1.4793683	-1.5558878	-1.50945	-1.545371	-1.6027173	-1.5620689	-1.4748797	-1.4929681	-1.5135727	-1.5435174	-1.6044401	-1.6945203	-1.7971047	-1.886317	-1.863775	-1.6079719	-1.3448189	-1.2343817	-1.2400814	-1.3051889
58.758621	0.00063583834	1.6008621	1.609932	1.6174956	1.6957346	1.5744639	1.3077561	1.524237	1.6145719	1.6648588	1.6214827	1.5162543	1.3768192	1.2585423	1.2056896	-1.4867812	-1.5870122	-1.5485055	-1.6004624	-1.6532605	-1.5746794	-1.5262455	-1.5549839	-1.5827866	-1.617856	-1.6845057	-1.7810663	-1.8859299	-1.9452277	-1.798951	-1.4857237	-1.2915667	-1.2441914	-1.2832826	-1.3609315
61.696552	0.00063583834	1.6455112	1.6576465	1.6679333	1.7372063	1.5251073	1.3132995	1.5646268	1.6557588	1.6613719	1.586751	1.4563362	1.3110088	1.202166	1.1643448	-1.4956523	-1.6198949	-1.5925567	-1.6611125	-1.7051018	-1.5863669	-1.5861226	-1.6261715	-1.6612465	-1.70125	-1.7734702	-1.8755292	-1.9734912	-1.9537428	-1.6718492	-1.3891488	-1.2751354	-1.2776342	-1.3387793	-1.4232175
64.634483	0.00063583834	1.6934355	1.7088637	1.7220424	1.7743053	1.4725039	1.3267072	1.6081926	1.6984909	1.6466815	1.5401621	1.3906077	1.2459582	1.1494781	1.1270393	-1.5060578	-1.6546496	-1.6423104	-1.7275617	-1.7573661	-1.5975817	-1.6558123	-1.7077572	-1.7500289	-1.7945924	-1.8718502	-1.9760423	-2.0409359	-1.8758229	-1.5337584	-1.3354945	-1.2918922	-1.3292572	-1.4031303	-1.4901149
67.572414	0.00063583834	1.7449438	1.7639295	1.7801774	1.8029063	1.4214088	1.3476135	1.65485	1.7425467	1.6189195	1.482613	1.3213871	1.1830693	1.1008765	1.0937433	-1.5181042	-1.6913999	-1.6986054	-1.7999097	-1.8089997	-1.6089811	-1.7368062	-1.8011157	-1.8503104	-1.8987782	-1.9795736	-2.0751036	-2.0456279	-1.725912	-1.4321619	-1.3259808	-1.3351789	-1.3939221	-1.4735901	-1.5599681
70.510345	0.00063583834	1.8004	1.8232507	1.8427536	1.817512	1.3760926	1.3756074	1.7045506	1.7875599	1.5770006	1.4160135	1.2510054	1.123436	1.0565977	1.0643711	-1.5318758	-1.7302853	-1.7624258	-1.8780442	-1.8588192	-1.6214387	-1.830817	-1.907787	-1.9633612	-2.0145501	-2.0944396	-2.1481883	-1.9435222	-1.5739031	-1.3841738	-1.3541403	-1.3977562	-1.4674579	-1.5479736	-1.6311322
73.448276	0.00063583834	1.8602326	1.8873074	1.910257	1.8122253	1.339961	1.4102632	1.7572695	1.8329294	1.5211215	1.3430868	1.1816089	1.0678825	1.0167681	1.0388052	-1.5474279	-1.7714576	-1.8348979	-1.9615553	-1.9056078	-1.6360607	-1.9398093	-2.0294924	-2.0905039	-2.1419356	-2.2065175	-2.1381053	-1.7659041	-1.4740666	-1.3874313	-1.4106637	-1.4733923	-1.5467085	-1.6243278	-1.7016536
76.386207	0.00063583834	1.9249485	1.9566666	1.9832569	1.7830114	1.3154017	1.4511592	1.812984	1.8776831	1.4530344	1.266973	1.1150183	1.0169951	0.98143224	1.0169008	-1.5648685	-1.8150808	-1.9173315	-2.0496264	-1.9482457	-1.6541907	-2.0660393	-2.1681476	-2.2329354	-2.2780281	-2.2806558	-1.9972185	-1.6059105	-1.439429	-1.4316505	-1.4865691	-1.5573989	-1.6291679	-1.7005169	-1.7689059
79.324138	0.00063583834	1.9951486	2.0320017	2.0624205	1.7304373	1.3037931	1.4978939	1.8716405	1.9202724	1.375879	1.1907663	1.0526483	0.97114481	0.95056104	0.99847485	-1.5842608	-1.861333	-2.0111866	-2.1409445	-1.9858828	-1.677447	-2.212105	-2.3258451	-2.3909731	-2.4079541	-2.2374832	-1.7913114	-1.5178637	-1.4620007	-1.504631	-1.5748249	-1.6463318	-1.7124073	-1.7737335	-1.8291247
82.262069	0.00063583834	2.0715499	2.1141161	2.1485302	1.6608933	1.305618	1.550118	1.9331002	1.9582791	1.2936065	1.1171267	0.99548271	0.93050751	0.92404745	0.98327985	-1.6057271	-1.9104406	-2.1180702	-2.2336362	-2.0181304	-1.7077719	-2.3810093	-2.5046858	-2.5606269	-2.4755182	-2.0416427	-1.6357487	-1.5059571	-1.526869	-1.5960103	-1.6704951	-1.7373002	-1.7934734	-1.8399816	-1.8768652
85.2	0.00063583834	2.1550125	2.2039752	2.2425013	1.5850213	1.3206558	1.6075639	1.9970483	1.988068	1.2102425	1.0480759	0.94411047	0.89509339	0.90170856	0.97097878	-1.6293881	-1.9626766	-2.2396479	-2.3252857	-2.04523	-1.7475324	-2.5762201	-2.7058447	-2.7176415	-2.370916	-1.8170554	-1.57321	-1.554728	-1.6192121	-1.6984234	-1.7698563	-1.8270441	-1.8681087	-1.8932779	-1.9040941
